6951
4196
5442
15001
1964
958
3197
14290
2063
5984
8946
4035
12686
15873
7469
5208
11693
7434
1261
16717
16250
1
8008
6863
3201
4034
1320
13460
16256
5557
1325
13984
19846
11510
3837
17387
10840
19005
1243
10109
9612
15816
6061
18584
16290
5050
18136
1498
4247
3661
15196
1103
17295
3482
16186
7519
15835
9865
4626
17672
2313
2378
2150
14565
19260
19450
3719
15280
5807
7132
19970
8336
3448
16681
19069
2446
13585
5965
750
13196
263
15020
12181
3760
15468
2126
14166
5563
10607
16098
7472
18000
2453
13539
15958
19417
16449
17612
14884
11760
1779
9505
13616
2103
6902
14579
2941
19254
18106
16623
2745
13263
9329
19729
15601
14146
3734
14517
4417
15825
451
16205
214
14914
5043
18368
14374
14004
11667
3210
5174
10101
390
13650
1258
18112
14126
1009
8753
9217
17538
18336
15038
16550
17243
7937
18444
3670
17401
4651
13110
2219
5886
14131
11981
829
19783
8846
15877
6963
13468
2084
18279
11284
5333
13920
7050
17464
13988
18789
15483
4359
7479
9246
15980
3148
8533
17572
13843
10181
2510
13683
8589
12805
1020
16944
5287
8844
16386
4757
16569
4646
7600
18885
5525
15296
8660
7839
15471
8055
18992
7312
14024
12438
4006
33
15182
3633
14783
5045
2724
10315
12998
17438
13
1427
6759
7658
19033
2493
6507
17291
4896
11957
14363
4528
5949
13083
7
259
18833
6634
7947
1213
3799
12336
1944
13854
8090
7302
17313
3628
14407
4285
9582
16645
18010
13152
11996
12258
6282
14212
4826
17362
8130
11186
14097
7654
7070
917
17669
9993
843
6846
19857
19207
281
7504
6683
13564
7275
9577
7518
2179
3998
4399
1018
10889
17287
3503
15460
12668
15327
2115
16325
2956
16218
9304
5787
16670
8923
3757
11825
18773
2248
4177
72
14703
209
3204
12830
3570
10049
19978
4993
16615
2507
16157
19090
2608
8536
8094
12657
2492
11279
17929
807
5146
17381
13026
14737
9630
11191
4477
2166
9334
17699
19936
3999
10575
440
6167
3144
17232
7599
2637
4155
14529
1078
10581
10544
2526
8005
13985
10960
11664
7191
11262
13075
19927
9746
5009
17799
418
11464
18778
17762
12635
6122
4000
761
15027
13821
14797
5482
19309
15469
18768
4784
3978
10177
14930
