QABO~@?isAE@J_?ABDK@IGGtGd? PAIR C1=1,3,5,12,2,9,6,4,14,13,16,8,15,11,10,7 C2=1,5,6,3,11,2,7,9,4,12,16,15,13,10,14,8
Q`T?`Y??D`HRGk`COM?{AOOweo? PAIR C1=0,8,12,2,10,3,4,7,16,14,9,17,5,1,11,6,15,13 C2=0,10,11,9,12,6,3,15,4,1,16,13,5,7,2,17,8,14
QC@QKQCH?CdS}?iODDAe_OYGO\? PAIR C1=1,6,5,8,16,7,13,17,10,14,4,11,2,9,15 C2=1,5,9,17,11,8,14,2,13,4,7,15,6,10,16
QHUeA_H@cdd?M?OK?gkIC?dU?e_ PAIR C1=0,6,9,16,15,7,8,13,1,4,12,17,11,14,5,2,3,10 C2=0,15,5,9,10,6,1,7,14,13,16,11,2,12,3,4,8,17
QaA@cW?PgdSEi?Fg@Lb?SB?dp?G PAIR C1=0,1,3,17,7,4,13,6,2,15,10,8,14,11,9,5,16,12 C2=0,5,13,3,10,6,9,8,11,2,12,15,1,17,16,4,14,7
Q__m`?KWAdBI_KB?cbABBKoaPD? PAIR C1=1,9,11,17,13,12,8,4,5,14,10,6,3,16,7,15 C2=1,6,16,12,9,14,15,8,5,13,4,11,7,17,3,10
Q?@aeWOB`QL?kGeIS?qCP`L?QoO PAIR C1=0,7,4,11,16,9,5,1,15,6,3,8,13,10,2,14,12 C2=0,14,15,10,7,5,2,11,1,6,9,4,13,3,12,8,16
QCsol@Jo?QE@GDOeGo?JC_@k_X_ PAIR C1=0,7,8,15,16,12,2,11,10,4,1,13,17,9 C2=0,4,8,1,9,13,10,17,2,7,15,12,11,16
QaUAYWWC@CoAGggBCM_IKgAoSoO PAIR C1=0,5,7,15,17,8,4,3,9,10,6,12,16,2,14,11,13 C2=0,11,9,17,3,8,14,7,4,6,5,15,12,2,10,13,16
QdO@]Cc@G_@LAsPAE@KoQgChCs? PAIR C1=0,15,13,10,11,7,1,4,12,6,5,9,17,8,2,14,16 C2=0,1,13,14,10,15,4,11,17,5,8,9,12,16,2,6,7
QSKAIR?KZCV??Q`___oWTOwGSp? PAIR C1=0,3,9,2,10,1,6,13,5,17,8,16,7,12,14,11 C2=0,2,11,3,17,13,12,10,6,5,14,16,1,7,9,8
QYH?s_AA?[_]O[hHOBC`CR?Kt?_ PAIR C1=0,2,17,14,10,5,13,8,11,9,4,16,15,12,7 C2=0,14,16,5,17,7,11,13,2,4,10,9,12,8,15
QdHoPV@?GOOPPg`EEAoo_OESBKO PAIR C1=0,3,14,9,15,17,7,2,4,6,11,10,16,1,12,8 C2=0,1,8,9,16,15,3,2,14,12,6,7,4,10,17,11
QaOG@aaJ?BOaKBU_OQ[dGRQ?fG? PAIR C1=0,11,15,3,12,10,16,5,17,7,2,8,6,13,4,9,14 C2=0,8,10,17,2,12,11,9,5,4,16,7,3,13,14,6,15
QCGQPh?_RSssI?OCbCSHB_w`SP? PAIR C1=0,9,10,1,6,11,8,15,14,3,17,5,7,2,4,12,16 C2=0,11,2,12,14,4,10,6,16,8,1,17,9,7,3,5,15
QfYHkOCOAFOOGQCK@?w@iHKC@U_ PAIR C1=0,1,10,6,3,2,12,14,4,5,8,13,15,16,9,17,7 C2=0,3,13,14,17,12,10,7,4,1,9,15,8,16,2,6,5
Q_AdHCWD?sHKWA_MiAOY_WWIWCO PAIR C1=0,5,2,16,1,11,17,4,8,13,12,14,9,3,10,6 C2=0,1,12,2,6,5,9,13,10,4,11,8,16,14,3,17
QOmB?l?@RCgECQRGOEOKEEHIoCO PAIR C1=0,4,2,17,3,7,12,15,6,10,9,11,16,14,8,13,5 C2=0,14,12,10,2,6,7,9,5,15,13,4,3,16,8,11,17
QSHAc?ZbAQCXGdP?Oc?OuT?Wp@_ PAIR C1=0,3,16,1,10,4,8,14,5,13,17,2,11,6,12,15,9 C2=0,2,4,9,12,11,10,15,13,16,5,1,6,8,3,17,14
Q`HGbCIG?codG]ScOaE@@eOOKCo PAIR C1=0,14,17,5,4,16,13,3,2,12,9,10,6,7,1,15 C2=0,1,5,14,15,17,4,2,9,13,6,3,10,12,7,16
QQcaQCa@GW_b_PT?_T`AdkWBW@? PAIR C1=0,2,5,10,14,11,9,15,12,7,6,8,16,3,13,1,17,4 C2=0,12,13,17,3,4,10,11,5,9,8,2,15,14,6,1,7,16
QCD|ORIGQA?QWBcQOIAHOK@K?V_ PAIR C1=0,6,11,17,12,2,9,7,13,10,1,8,15,16,14 C2=0,8,6,2,16,11,12,1,15,10,7,14,9,17,13
QLa?HCR@QU{?U?D@gc?OM_kGgOo PAIR C1=0,4,10,9,7,6,8,16,14,5,13,12,3,2,17,15,11 C2=0,3,8,14,17,4,12,15,13,11,2,7,10,6,5,9,16
Qg?P_OUHeO`CEpk@ChCWGoSD@`_ PAIR C1=0,10,9,16,1,17,8,5,15,11,4,7,12,6,3,13 C2=0,1,10,4,12,3,5,9,6,8,11,13,17,7,16,15
Qo?M@QoKoLOHU?CHjgAGAH@cIWO PAIR C1=0,2,16,5,14,7,4,17,15,13,12,1,6,9,3,8 C2=0,1,14,4,5,15,16,12,3,13,8,2,7,9,17,6
QaLKIctW?COJ_CAaeCOOX_CccHG PAIR C1=0,6,10,11,9,12,14,3,1,7,8,5,17,2,4,15,16 C2=0,1,9,2,14,8,3,4,5,6,7,11,15,10,17,16,12
QDcAATCDQACqaICd[C?KQg?kkg? PAIR C1=0,3,9,11,2,14,16,15,5,17,8,12,10,1,6,7,4 C2=0,12,16,2,3,4,17,10,15,6,11,5,9,7,1,8,14
Q?zAd_Eg?[AKOUGKWS?gbK@OGMG PAIR C1=0,5,10,4,17,12,1,6,14,8,13,15,3,11,7,2,9 C2=0,7,3,6,8,11,17,10,12,9,13,2,4,1,5,15,14
QFb?G`JA`AlOc?BDCHOAF?Mfe?? PAIR C1=1,3,12,15,16,9,13,5,6,11,4,8,7,14,2,17 C2=1,5,17,6,9,4,13,11,2,3,7,15,14,12,16,8
QH`gc@GKogKI`aCOOTIPA_aSHe? PAIR C1=1,5,4,15,8,17,7,13,16,10,12,6,3,2,9,11 C2=1,2,11,7,9,6,16,15,13,3,10,5,12,17,4,8
QK`PAjGG`OBA@bXO?Sk@oaCKRI? PAIR C1=0,3,17,7,13,1,5,12,10,4,11,9,2,6,14,8,15,16 C2=0,4,16,14,13,5,7,3,11,12,17,6,9,15,10,2,1,8
QOU`S@@QCeCS@UOKBAKIDL@PQc? PAIR C1=0,5,15,7,8,1,17,11,16,2,6,4,14,13,9,12,10 C2=0,2,11,8,17,6,10,7,12,5,16,13,1,4,9,14,15
QYAY?T?d_d?DKOb@CCsQWI_p@o_ PAIR C1=0,5,3,12,7,6,1,2,16,13,4,15,11,8,14,17,9 C2=0,2,12,14,11,13,5,4,16,6,9,3,1,8,17,7,15
Q\@d_gHAg@Wg?IaEG`Q_KAacHP_ PAIR C1=0,11,1,15,3,6,16,12,10,8,7,5,14,17,4,9,13 C2=0,3,7,17,13,4,16,10,14,1,5,11,15,12,8,9,6
Qe?kK`G?`bKaBGGSIAPSIAqa?p_ PAIR C1=0,3,7,13,2,10,16,6,9,14,12,5,11,1,8,17 C2=0,6,5,2,11,9,13,17,14,1,3,10,8,12,16,7
QECSHX?Z@@sSSIqO@W@CH@AY?aW PAIR C1=0,6,5,3,4,7,14,16,13,1,9,2,10,8,11,15,17 C2=0,3,1,8,17,16,10,9,5,7,13,4,14,6,15,2,11
Q?hCb?MCQhPMocISWo@g?G?[OIW PAIR C1=0,11,9,12,17,10,3,6,8,5,15,16,2,13,7,1,14 C2=0,6,14,16,13,9,3,17,15,2,7,11,8,10,5,1,12
QCSiAE@SbGABhAgH?yC@IIo_W_o PAIR C1=0,13,2,16,4,5,12,10,1,7,14,6,9,3,17,8,15 C2=0,3,4,17,15,13,8,7,16,6,1,9,14,5,10,2,12
Q@JGEQAKacHgcGG_aH]@_?mOkCO PAIR C1=0,5,4,17,2,3,12,14,7,11,1,10,6,9,16,8 C2=0,7,1,5,17,11,4,2,9,3,14,10,16,6,8,12
QAN?t??GJ@?]_iqCB_ma_@i?dAG PAIR C1=0,12,10,8,16,6,4,2,9,11,7,17,5,14,3,15 C2=0,5,16,10,2,17,12,6,3,4,14,11,8,9,15,7
QZgWa?H?Oi`S?@p_oUOG{?{B_AG PAIR C1=0,2,4,5,3,1,7,10,9,16,17,12,15,11,6,13 C2=0,4,11,12,13,5,10,15,9,7,16,6,3,2,1,17
Q`OZOY@wGaACAPg_q`A?qGbCCe_ PAIR C1=0,13,2,3,11,16,10,15,9,8,17,12,7,5,14 C2=0,8,7,10,14,3,5,17,11,12,13,15,16,2,9
QOq?LWOBk_MOWH@aKE?eQOIOWAg PAIR C1=0,4,7,5,6,15,13,16,8,9,14,17,12,1,11,3,10 C2=0,5,9,4,1,14,8,12,11,6,13,10,16,17,3,15,7
QQ?OD`@aaLm_Y_B`R??H`_Oki`? PAIR C1=0,2,11,13,5,3,1,10,6,17,8,7,16,14,15,9 C2=0,14,3,7,2,17,13,6,9,10,8,1,11,5,15,16
QU_`SHa@A`BaO`Ac_JXQ_`ODOgG PAIR C1=0,3,10,17,1,8,2,6,12,11,5,16,7,15,9,14,13,4 C2=0,2,5,7,14,12,1,10,8,17,3,11,9,13,6,4,15,16
QIG[OIO_tQ?S?DPoj@_Ak[GEca? PAIR C1=0,8,16,1,3,14,4,5,13,6,9,7,15,12,17,2,10 C2=0,6,4,2,16,15,9,12,13,1,14,10,7,5,3,8,17
QWDoqCEGKShKCDASODLGC_OXOAW PAIR C1=0,10,6,7,16,14,13,4,3,12,11,8,9,2,5,15 C2=0,2,15,12,9,10,14,8,5,3,6,4,11,7,13,16
QW@GL@WCGfGag@ceHOOAdiOC]C? PAIR C1=0,7,10,13,6,5,1,2,16,15,14,4,8,9,11,12 C2=0,2,7,16,4,5,11,1,8,10,6,14,12,15,9,13
QGQO?cIGLArSc_QOkICgcPgGkH? PAIR C1=0,5,16,14,7,10,9,2,1,13,12,6,8,4,11,3,15 C2=0,10,2,14,9,8,11,6,16,1,4,13,7,3,5,15,12
QhIHGKWoASoCoXCcBG@@HCTOCHo PAIR C1=0,11,8,4,5,6,7,16,13,9,10,17,15,2,1,12 C2=0,1,10,4,2,6,13,17,5,7,12,8,15,11,16,9
