QABO~@?isAE@J_?ABDK@IGGtGd? PAIR C1=1,7,9,6,5,12,2,16,8,15,13,10,11,3,14,4,17 C2=1,5,3,6,12,4,9,2,7,10,14,13,16,15,11,17,8
Q`T?`Y??D`HRGk`COM?{AOOweo? PAIR C1=0,13,5,17,9,12,6,11,1,16,7,4,15,3,2,10,8,14 C2=0,1,5,7,2,12,8,17,6,15,13,16,14,9,11,4,3,10
QC@QKQCH?CdS}?iODDAe_OYGO\? PAIR C1=0,7,13,4,14,16,8,5,3,17,10,9,2,11,6,15,1,12 C2=0,3,12,2,13,17,11,4,7,15,9,5,6,1,16,10,14,8
QHUeA_H@cdd?M?OK?gkIC?dU?e_ PAIR C1=0,5,14,7,15,12,2,1,13,9,16,6,10,3,4,8,17 C2=0,10,8,7,3,2,5,9,6,1,4,12,17,14,13,16,15
QaA@cW?PgdSEi?Fg@Lb?SB?dp?G PAIR C1=0,1,15,10,6,9,11,8,14,7,17,3,13,4,16,12 C2=0,7,4,12,15,16,17,1,9,8,13,6,3,10,14,11
Q__m`?KWAdBI_KB?cbABBKoaPD? PAIR C1=0,6,16,2,9,14,5,4,13,12,8,10,1,15,7,11,3,17 C2=0,1,6,3,10,14,15,13,17,11,9,12,16,7,2,5,8,4
Q?@aeWOB`QL?kGeIS?qCP`L?QoO PAIR C1=0,13,4,10,7,1,15,17,8,16,5,9,6,3,12,2,11,14 C2=0,7,4,11,1,5,2,10,13,3,8,12,14,15,6,17,9,16
QCsol@Jo?QE@GDOeGo?JC_@k_X_ PAIR C1=0,7,15,5,2,17,10,11,3,4,8,1,14,6,13,9,12,16 C2=0,3,5,6,8,7,2,11,12,15,16,14,17,13,10,4,1,9
QaUAYWWC@CoAGggBCM_IKgAoSoO PAIR C1=0,13,2,12,6,4,3,1,7,14,8,17,5,15,11,9,10,16 C2=0,1,6,10,2,14,11,13,16,12,15,17,9,3,8,4,7,5
QdO@]Cc@G_@LAsPAE@KoQgChCs? PAIR C1=0,7,12,6,2,16,9,8,11,4,1,17,5,13,10,14,3,15 C2=0,1,7,6,4,12,16,14,13,15,10,11,17,9,5,8,2,3
QSKAIR?KZCV??Q`___oWTOwGSp? PAIR C1=0,2,4,15,10,1,8,17,9,3,11,14,12,7,16,6,13 C2=0,3,17,13,12,15,14,16,8,9,2,10,6,1,7,4,11
QYH?s_AA?[_]O[hHOBC`CR?Kt?_ PAIR C1=0,2,1,3,6,4,9,10,5,13,11,8,12,15,16,14,17,7 C2=0,13,2,17,3,15,8,6,10,4,16,5,1,12,7,11,9,14
QdHoPV@?GOOPPg`EEAoo_OESBKO PAIR C1=0,3,15,4,2,14,9,8,7,17,6,11,10,16,1,12,5,13 C2=0,1,5,3,2,7,6,4,10,13,9,16,15,17,11,14,12,8
QaOG@aaJ?BOaKBU_OQ[dGRQ?fG? PAIR C1=0,14,6,13,1,16,4,9,11,5,17,7,2,8,10,12,3,15 C2=0,1,4,5,9,2,17,10,16,7,3,13,14,12,11,15,6,8
QCGQPh?_RSssI?OCbCSHB_w`SP? PAIR C1=0,9,7,3,17,1,13,12,2,10,4,14,8,15,5,11,6,16 C2=0,3,5,7,2,4,6,1,10,9,17,13,15,14,12,16,8,11
QfYHkOCOAFOOGQCK@?w@iHKC@U_ PAIR C1=0,1,10,6,2,3,13,9,17,11,15,8,16,5,4,14,12,7 C2=0,3,1,9,16,15,13,14,17,12,2,4,7,10,8,5,6,11
Q_AdHCWD?sHKWA_MiAOY_WWIWCO PAIR C1=0,1,11,17,15,9,3,8,4,10,13,12,14,16,7,6,2,5 C2=0,6,5,15,7,2,16,8,11,4,17,3,10,12,1,14,9,13
QOmB?l?@RCgECQRGOEOKEEHIoCO PAIR C1=0,14,8,16,4,13,1,11,9,5,15,12,7,6,10,2,17 C2=0,4,2,6,1,8,13,15,17,11,16,14,12,10,9,7,5
QSHAc?ZbAQCXGdP?Oc?OuT?Wp@_ PAIR C1=0,7,17,2,11,6,12,9,15,10,4,8,3,16,13,5,14 C2=0,2,4,9,5,16,14,17,13,15,12,11,10,7,8,6,3
Q`HGbCIG?codG]ScOaE@@eOOKCo PAIR C1=0,11,8,4,17,5,14,15,1,13,6,7,12,2,9,10,3,16 C2=0,14,9,13,16,7,1,5,4,2,3,6,8,12,10,11,17,15
QQcaQCa@GW_b_PT?_T`AdkWBW@? PAIR C1=0,12,11,5,13,3,4,17,1,6,8,14,10,9,15,7,16 C2=0,4,6,7,1,3,16,8,9,5,10,11,14,15,12,13,17
QCD|ORIGQA?QWBcQOIAHOK@K?V_ PAIR C1=0,3,4,7,9,11,12,10,13,17,14,16,15,8,1,5,2,6 C2=0,8,4,6,11,17,12,1,10,15,5,3,16,2,9,14,7,13
QLa?HCR@QU{?U?D@gc?OM_kGgOo PAIR C1=0,11,15,12,3,13,5,9,17,2,7,6,10,1,14,8,16 C2=0,3,2,11,1,12,13,15,17,14,16,9,10,7,8,6,5
Qg?P_OUHeO`CEpk@ChCWGoSD@`_ PAIR C1=0,13,3,8,17,1,16,7,12,11,4,10,9,6,2,14,5,15 C2=0,10,1,2,9,5,8,6,3,12,4,7,14,17,13,11,15,16
Qo?M@QoKoLOHU?CHjgAGAH@cIWO PAIR C1=0,2,16,11,7,9,17,6,10,5,4,12,13,15,1,14,3,8 C2=0,1,6,9,2,8,13,3,12,16,15,5,14,7,4,17,10,11
QaLKIctW?COJ_CAaeCOOX_CccHG PAIR C1=0,6,7,11,15,4,13,10,17,2,8,14,3,1,9,16,12 C2=0,1,7,8,3,4,2,9,12,14,15,16,17,13,6,10,11
QDcAATCDQACqaICd[C?KQg?kkg? PAIR C1=0,3,9,7,4,17,2,11,13,15,6,1,10,12,8,14,16 C2=0,4,12,16,15,10,17,8,1,7,6,11,9,13,3,2,14
Q?zAd_Eg?[AKOUGKWS?gbK@OGMG PAIR C1=0,4,1,14,6,8,13,2,16,3,11,17,10,5,15,9,12,7 C2=0,5,1,6,3,7,11,8,14,15,13,16,17,12,10,4,2,9
QFb?G`JA`AlOc?BDCHOAF?Mfe?? PAIR C1=0,5,6,9,4,13,15,12,3,7,14,10,16,8,1,11,2,17 C2=0,4,8,7,10,9,13,11,6,17,5,1,3,2,14,15,16,12
QH`gc@GKogKI`aCOOTIPA_aSHe? PAIR C1=0,12,5,4,15,13,7,17,11,1,2,9,3,10,16,6,14 C2=0,4,17,12,10,14,13,16,15,1,5,2,3,6,9,11,7
QK`PAjGG`OBA@bXO?Sk@oaCKRI? PAIR C1=0,15,8,14,11,4,10,12,6,17,3,7,1,5,13,2,9,16 C2=0,3,5,7,13,14,16,15,10,17,12,11,9,6,2,1,8,4
QOU`S@@QCeCS@UOKBAKIDL@PQc? PAIR C1=0,10,6,17,1,4,14,9,13,8,11,2,16,5,12,7,15 C2=0,5,2,6,4,9,1,8,17,11,16,13,14,15,12,10,7
QYAY?T?d_d?DKOb@CCsQWI_p@o_ PAIR C1=0,9,5,13,4,16,2,12,14,17,1,8,11,10,6,7,15 C2=0,2,1,6,9,17,7,12,16,13,11,14,8,10,15,4,5
Q\@d_gHAg@Wg?IaEG`Q_KAacHP_ PAIR C1=0,11,5,14,10,16,6,2,3,15,12,8,7,17,9,13 C2=0,2,5,7,11,15,16,12,14,17,13,10,8,9,6,3
Qe?kK`G?`bKaBGGSIAPSIAqa?p_ PAIR C1=1,11,5,12,4,15,6,16,7,13,9,17,8,10,3,14 C2=1,3,7,10,16,12,14,17,13,15,11,9,6,5,4,8
QECSHX?Z@@sSSIqO@W@CH@AY?aW PAIR C1=0,6,11,2,15,14,7,5,9,4,3,12,17,8,10,16,13 C2=0,3,5,6,15,17,16,14,4,13,7,2,9,10,12,8,11
Q?hCb?MCQhPMocISWo@g?G?[OIW PAIR C1=0,4,2,7,1,5,14,16,13,9,11,8,10,3,15,17,12,6 C2=0,11,4,8,5,10,1,14,6,3,17,16,15,2,13,7,9,12
QCSiAE@SbGABhAgH?yC@IIo_W_o PAIR C1=0,12,2,10,5,14,6,16,7,8,17,4,1,9,3,11,15 C2=0,3,4,5,2,16,12,10,11,9,6,1,7,14,17,15,8
Q@JGEQAKacHgcGG_aH]@_?mOkCO PAIR C1=0,8,6,16,13,12,3,10,14,7,4,11,5,17,2,9,15 C2=0,5,4,2,3,9,16,10,6,13,14,12,8,15,17,11,7
QAN?t??GJ@?]_iqCB_ma_@i?dAG PAIR C1=0,13,4,14,3,1,10,12,6,11,7,2,17,5,16,8,9,15 C2=0,7,15,3,6,4,2,9,13,1,5,14,11,8,10,16,17,12
QZgWa?H?Oi`S?@p_oUOG{?{B_AG PAIR C1=0,13,12,14,6,3,5,15,10,9,7,16,8,11,4,2,1,17 C2=0,2,3,1,7,10,5,13,6,11,15,12,17,16,9,14,8,4
Q`OZOY@wGaACAPg_q`A?qGbCCe_ PAIR C1=0,8,7,4,12,11,17,5,14,3,10,16,6,1,15,9,2,13 C2=0,1,4,6,2,3,5,7,10,14,17,12,13,15,16,11,8,9
QOq?LWOBk_MOWH@aKE?eQOIOWAg PAIR C1=0,5,9,4,17,12,2,14,8,16,10,13,6,11,3,15,7 C2=0,2,11,12,8,3,10,15,13,16,17,14,9,6,5,7,4
QQ?OD`@aaLm_Y_B`R??H`_Oki`? PAIR C1=0,9,15,14,3,11,1,12,2,17,4,13,5,10,8,7,16 C2=0,7,2,11,13,17,8,15,5,3,1,10,9,4,12,16,14
QU_`SHa@A`BaO`Ac_JXQ_`ODOgG PAIR C1=0,2,5,7,14,10,17,16,15,9,13,12,11,4,6,8,1,3 C2=0,4,15,2,6,13,14,12,1,10,8,17,3,11,9,5,16,7
QIG[OIO_tQ?S?DPoj@_Ak[GEca? PAIR C1=0,9,15,12,11,8,3,16,1,14,4,6,13,5,7,10,2,17 C2=0,8,17,12,13,1,3,5,4,2,16,15,7,9,6,11,14,10
QWDoqCEGKShKCDASODLGC_OXOAW PAIR C1=0,14,10,4,13,16,7,11,1,17,12,3,6,8,9,2,5,15 C2=0,2,1,7,6,4,3,5,8,11,12,15,17,16,14,13,9,10
QW@GL@WCGfGag@ceHOOAdiOC]C? PAIR C1=0,2,1,5,4,8,3,9,13,10,6,17,11,12,14,15,16,7 C2=0,12,15,9,8,1,11,5,17,3,10,7,2,16,4,14,6,13
QGQO?cIGLArSc_QOkICgcPgGkH? PAIR C1=0,5,3,7,14,16,6,11,8,4,1,2,9,15,12,13,17,10 C2=0,11,3,15,5,16,8,9,14,1,13,4,17,2,10,7,6,12
QhIHGKWoASoCoXCcBG@@HCTOCHo PAIR C1=0,9,16,7,14,3,13,17,5,4,8,11,15,2,6,10,1,12 C2=0,1,2,3,8,15,17,14,4,10,9,13,16,11,12,7,6,5
