7797
1881
5108
7664
7309
8947
7007
9698
2401
6151
3827
3043
1641
3182
7188
1469
6975
2378
9328
1185
9822
3788
8948
1032
5337
3371
685
7574
5602
5646
9666
5355
592
8837
8741
4397
8653
871
6745
5888
8652
4846
3855
3616
7366
4584
9153
2158
9111
1546
78
1924
5369
1759
7836
1771
9012
7899
4824
7037
2744
5817
7409
146
1473
3094
3673
7084
312
1689
205
2023
1432
2821
3996
7437
4589
1592
6637
3526
6980
914
3508
9767
1685
7683
8647
2917
249
6191
8787
6822
6913
273
3602
7267
833
1779
1299
1753
6222
7413
7016
6970
2718
35
806
6505
6826
8366
1681
2403
3775
8582
8958
3308
6864
8776
6275
6681
7181
6225
4157
4116
7185
3944
5160
4670
2727
3434
2847
1070
5961
6650
6807
2182
8594
4074
808
7472
9763
9889
348
549
7809
6389
8131
720
8683
8144
8884
7431
7634
9249
6606
2770
867
8416
2049
1110
9431
279
153
7357
204
3114
7514
7240
3917
788
9540
9468
6908
2043
1465
9466
586
8011
5099
3754
3741
1396
8375
8711
1482
6892
9607
4341
3445
9251
4839
9220
1679
5146
2881
3658
7167
173
2295
9860
4016
968
3038
7468
23
8581
3458
2912
5616
6670
6034
661
1213
8712
7263
4169
1417
9506
5679
1708
3993
2020
8956
8059
7624
5276
7113
6249
2900
5544
2677
2443
422
9641
9794
8959
7729
1442
8061
8030
40
5144
2228
9266
4591
759
7175
5252
2130
4152
8800
7995
9392
8280
1872
6471
611
885
8176
1737
1813
4296
7151
6077
5660
5766
1577
6920
6357
1505
3160
7630
4882
1964
8213
1441
857
8286
7904
3268
338
9041
1390
4234
9126
6031
7184
4062
5518
254
4350
934
728
525
7551
8071
6930
8642
2528
6129
2745
9092
1513
2144
5899
7844
1624
8970
3170
5378
6927
2215
8920
6990
9913
220
3828
2385
7145
1069
5497
2226
4256
9748
5218
1790
4852
4163
5020
8177
8218
2647
1366
1741
8136
545
2194
8189
7837
2216
9285
2605
5642
4209
8670
974
9411
189
8950
7494
5080
4865
9330
3723
1472
1296
5078
9293
5829
5991
2383
4525
3306
3778
8488
8877
6348
6961
5620
3491
8083
4755
8914
1963
1532
1763
8446
2561
320
6841
6540
5379
2538
1704
139
6109
9416
82
5073
3115
6448
9187
1826
7066
8852
5691
4056
3106
4552
8553
8210
5127
1700
7509
6323
9953
3048
6536
1519
6525
4535
4504
5302
362
8516
1694
8490
8513
5234
8734
5990
5007
7461
6639
4710
5074
815
7331
9908
5996
7652
1003
1625
1837
9060
2377
786
7567
9343
7165
1378
4246
7484
2364
8063
8616
6445
8728
8208
5532
2420
5205
594
7887
732
4751
1052
9109
9751
2328
1705
1044
1888
3771
5148
4482
1998
3067
7071
6856
5604
1415
9713
3620
599
3250
9509
5116
2517
6790
2493
1248
7639
3682
7523
2938
7967
6019
7930
995
2326
5068
2464
5397
1686
180
2775
8678
9782
3945
407
2782
3007
6678
2342
6765
8248
376
574
4232
8957
2486
5172
7746
8070
8381
8726
9925
3145
8116
7063
1693
4362
3729
8109
4002
5238
9278
2776
2251
7400
5346
9523
942
3235
1309
5061
3237
3700
5485
1477
9890
9036
6373
6460
6403
7173
5125
2075
9151
3236
9672
4045
3703
3625
3708
9471
3660
6692
7868
2355
1716
7162
1218
1116
8639
3378
7536
6383
5498
2201
7944
5614
144
3652
7608
1930
3389
8906
7227
6282
1307
4071
4432
6648
8357
4822
4146
1946
1691
8672
6200
1210
5524
3318
3087
3490
6534
8964
8384
4784
6296
707
371
478
55
1247
2520
1031
7040
4339
6152
1504
7464
4795
5149
3319
7535
4621
8447
906
7287
8846
3587
2532
128
464
7424
3517
4946
7105
4164
9516
4443
8709
6782
8319
7642
3499
3891
6609
1805
7216
5384
228
9594
101
5069
7078
9299
6988
3428
7108
1114
4391
3342
7942
9193
3432
8700
8838
629
7626
9910
8262
2644
3204
8913
2259
9975
8205
4439
7723
6472
8834
4595
6874
6774
7742
3104
9243
3968
4688
309
1990
4123
8187
8069
3957
7915
6511
9419
7359
9894
6652
7595
1953
2661
1661
537
2976
9855
3130
1338
4304
9423
9538
6496
4403
2885
6361
2842
3858
8762
8417
8371
5669
3678
800
2726
8921
1447
8532
2343
6416
1836
2477
2386
3269
152
4405
6184
3561
7680
3089
8986
350
7096
6238
6271
3738
1096
4412
5306
9144
1461
7042
4014
1884
4440
7697
2188
3806
6665
6158
9447
3013
1690
3261
7852
8623
5115
8954
8529
8562
5659
6783
6659
5624
3532
8911
6616
9731
6860
6624
2785
1007
7183
6991
9246
7540
5333
3327
6397
1371
8107
9565
1009
4034
8689
3705
6176
8132
7155
3358
1150
5777
4633
99
1440
1184
4901
1133
2381
547
4695
3370
6492
4590
2219
4228
7907
5785
6419
6573
6626
4703
2482
5627
7052
798
2254
6240
1047
4640
3746
3367
9605
7803
9250
6204
9263
1367
6914
6751
4395
7701
1045
8093
3470
2544
3860
9495
9969
7689
2014
7869
9217
796
3929
8537
353
4636
118
1861
883
222
1313
6376
7996
8087
5096
336
1551
8545
1581
3735
8190
843
5999
8509
4369
145
3283
9737
8667
5971
9797
6432
9276
5907
5452
2506
1470
4020
208
7988
8113
3059
4404
4564
6066
1695
5352
1242
2811
7924
933
1190
1005
1321
7012
6548
1193
8761
3787
7248
1762
587
2982
7785
4325
8078
6374
2019
9458
253
246
5517
7259
1795
1816
4811
6266
899
712
2273
9673
7725
1171
745
2230
4720
425
5432
9232
4344
5781
7604
4192
4019
7317
4314
1428
8304
5768
143
8008
358
5437
8325
120
8049
609
8429
4420
5279
5797
9381
3717
4662
7543
9512
475
4495
2031
3809
892
1528
2061
1295
1451
8489
2345
4059
7735
5737
9452
1156
4224
6979
4199
3436
1273
2736
6493
8922
5894
9375
3453
6635
4808
9683
6473
5579
3340
3359
7127
3910
1932
6169
8530
396
5035
1702
6049
6489
8853
2227
6610
3979
6691
8898
5458
4878
5275
7758
1989
443
1112
6902
392
289
5887
5750
8831
167
8243
5713
7022
9286
5724
2596
9584
1751
2437
5340
2439
1424
4678
4307
826
4260
1237
5167
9176
4378
8938
4883
621
3878
3189
1308
195
4645
2379
6022
9329
6273
8564
7921
6724
2253
2291
3823
9006
1571
4066
3202
501
4048
6211
7720
6196
9803
7436
5901
6459
2445
8348
2290
4539
9443
7238
8467
5401
3302
7661
8979
6588
2957
83
1280
4359
3459
1742
3647
5733
4415
8388
357
4464
7589
3082
4324
4936
7502
2157
9965
9450
7026
2764
5300
5944
8150
3211
3422
3967
8034
7068
4627
3163
2467
427
2143
1008
1542
8226
8428
1377
7495
5014
8209
3584
6907
8188
8122
4829
5876
9385
3361
5210
2393
8486
7206
8401
3002
8503
3940
8247
9640
3023
4451
7499
8411
1828
8868
5917
6447
1168
2523
1684
6542
3028
5514
4719
7295
4243
111
5038
2901
7302
5741
5394
4208
9203
2802
8072
4689
480
559
4160
1167
3368
1840
8010
4316
9682
2521
4456
8123
4641
5867
6067
8462
9178
5992
9021
2683
444
7109
1435
2952
364
6188
9602
7274
159
1041
6283
7102
9956
6068
9032
5609
186
340
8937
1744
3994
7228
386
8219
8349
5435
187
9623
3948
8851
5690
3758
136
936
5098
7417
7782
3506
6936
9181
9627
3856
6156
2361
1212
5862
47
1109
5102
2685
4496
7433
735
1175
3035
9313
935
4642
9131
7975
9361
1491
8394
8461
1988
4774
4121
9084
8337
3931
1251
8021
4003
6051
7919
1392
5028
8527
2000
1554
9410
6863
3496
8493
1766
4469
5502
7488
9796
9398
6236
9197
4105
9624
2412
9718
8479
6300
3198
9989
791
2953
9108
6855
9498
1591
1913
877
3522
8480
2558
7020
1936
5702
7588
8806
7892
6658
1450
4076
1544
8050
7973
8261
4189
9103
4682
7927
6851
2931
8185
2643
1355
6362
5285
2640
1204
6380
7695
638
9351
3619
2527
7815
6037
5296
3226
3563
6952
3395
9090
9971
7684
1061
3897
4125
5194
6532
7667
4372
5796
4880
7372
6813
866
1618
2758
5132
5140
3041
306
2109
1503
8260
6926
1868
837
4317
4738
476
1563
2939
3553
7793
3645
9995
3144
8042
8522
608
2034
4114
3890
6566
6621
50
647
280
3549
2105
9892
6417
809
4434
9524
4026
20
4949
1673
5760
1394
2546
1774
3684
6884
8009
4217
6501
9183
9779
4368
5066
7974
5321
3661
2571
1389
4195
7014
9974
5757
9155
5441
8874
3715
473
2022
6735
1572
4917
1750
7136
2679
7485
1642
6339
3851
8203
346
8436
3978
5215
6207
8400
8129
4461
9994
8066
529
4355
1232
8791
11
1910
5189
4570
2292
1
308
519
6477
3264
9323
1010
3695
2242
6406
6656
1411
2657
5613
784
8702
4729
3772
5512
3927
8473
6853
4903
5134
2980
5139
1560
6576
6212
1143
725
8786
9719
9150
6689
4779
6933
8605
1400
6388
1259
6850
1379
5685
9483
6529
5501
5655
8322
7154
9859
1012
3286
1979
5877
1724
4854
6441
5581
8253
305
3412
8926
5052
3641
8028
4328
2485
4247
3158
3509
3207
5308
342
2094
7370
575
1028
4542
363
5765
7367
265
3843
9015
5979
1241
6803
2892
7926
2607
326
9290
4632
4799
3818
888
5815
741
7577
8644
6160
8742
2680
8902
7416
6427
6750
9963
6423
2723
9634
225
3562
6966
6355
3505
432
2650
2396
3689
7208
4210
6136
458
5589
1118
8584
9775
2560
4520
6413
6475
5451
3546
6234
2866
5507
6552
2989
3036
7095
6894
1933
5214
9373
497
6431
1240
505
7373
1123
8861
9312
9025
2671
5494
5571
4828
9255
5732
333
3402
2121
65
1311
46
718
133
5931
4945
3070
7296
2949
3913
2759
2213
8119
6569
8967
6002
7450
5357
3336
8951
7978
2139
9154
4727
907
4561
3672
1050
6123
4060
5011
6593
6522
7160
7966
3417
6749
3604
2868
8766
1057
6762
2794
1493
865
4478
37
1863
9168
5287
8299
5891
8632
9114
6149
555
4969
900
8822
3102
1897
2586
7507
417
1821
9857
9053
2749
9473
3042
4275
8081
9661
7526
1155
7800
7059
5318
4875
9934
8599
9159
536
649
7946
9810
4769
5663
8771
2541
3479
67
6105
4993
5681
5483
6124
7186
9711
142
4844
1375
915
9247
311
4021
5414
3033
8135
439
4144
4605
7058
8692
4013
106
6793
3657
9647
6165
2566
9571
1721
2459
4588
7262
5519
4297
1675
6315
8916
1225
1951
3413
6164
1208
9212
7997
9578
4418
6328
5801
8194
8706
9272
4859
6409
5342
1195
3955
8019
3624
4803
4958
1476
7906
1529
768
9826
1071
9099
2410
3396
1588
3121
6140
3588
2757
4184
2260
1585
6973
9614
1636
81
4801
5114
4288
2062
6779
5740
1431
2218
1610
3113
9074
7192
5683
4170
6354
975
3093
9225
4760
3972
9501
3886
6662
4656
2973
5767
9309
5803
3742
3939
6481
7057
2153
5049
1873
2390
114
2196
3752
2651
5890
8457
7703
3765
1317
3881
7050
1468
7959
9677
6457
6669
584
4180
9056
580
7203
9379
6842
6780
5792
6001
2765
1955
6452
7677
8097
4937
479
3031
686
9906
7476
7558
2734
1782
1784
923
3826
2914
4063
9789
2940
4106
6797
803
8500
3984
4129
97
9261
5977
4798
8975
7025
4874
4905
5226
4592
5013
9244
60
201
6880
6484
7213
7421
2453
51
5251
3247
9820
2496
5254
1501
5938
6239
8170
5366
3894
5409
579
9569
9532
1957
7515
1662
2747
56
8543
1319
2827
4966
5345
8945
116
4869
2911
3503
7764
3988
5842
9739
8990
1260
1342
9738
6352
2686
6113
6680
9320
435
7524
1547
3122
2148
86
4173
3731
619
7933
4716
2372
5059
6090
696
2106
2280
2626
9112
6595
3446
8327
9515
7654
6288
763
2245
6210
2653
717
3720
8511
9567
6580
8324
2111
5491
4701
3273
5611
5954
4845
2977
393
75
1651
9209
514
755
2813
1426
9684
5269
667
7305
4
3808
6272
5539
3050
6178
6882
1854
5051
9482
7801
8491
7880
7748
66
3911
3178
8579
2636
5828
3435
8600
9799
1635
4465
9348
1333
8713
8864
8888
177
9461
9019
5547
8989
2889
1464
5284
4986
1233
8202
6587
2166
4858
8585
1518
9768
3518
2450
6837
5040
3323
9301
770
1534
5094
8017
8909
6248
5362
8814
2327
1883
1300
830
5784
9800
3612
94
9142
5684
6978
6717
5289
8573
3205
8559
5106
628
9190
5055
8284
2590
2217
4204
3377
3277
129
8237
2463
6767
3045
7953
2863
2857
3382
9896
3763
4724
3530
1318
8445
2840
304
1148
3056
8498
5860
6876
5854
2038
5943
303
9058
7581
1965
5336
3528
9714
9978
3131
9476
2347
7599
6384
6274
2761
6146
773
2064
8036
6070
9866
5322
7693
2667
314
1970
596
8163
1075
3541
989
1132
4634
8199
8442
9441
5939
1402
5270
1864
5759
5525
3331
4741
8197
4124
8497
853
4624
6121
182
4040
5373
2877
4364
2309
9061
7547
3097
5349
38
2910
7169
2448
1669
6221
4547
3486
7017
9388
9648
7041
1791
9093
3457
8907
4658
4807
2416
797
1002
2688
4692
1159
9568
9186
814
6334
3872
9054
4485
6967
3162
9592
9966
7282
9072
7440
3954
6649
6075
105
4266
2845
5083
904
5861
5643
874
8317
6094
7081
7156
2620
5639
6541
6454
8444
3376
2172
63
3267
5670
6008
8215
8795
3947
8788
8666
1467
8541
9171
1125
1060
7788
7364
4742
235
1770
2665
8363
1780
9357
7712
9066
9475
1126
7387
8841
8515
3810
5721
4477
8807
5060
1448
7955
6675
6660
7098
1038
5770
8273
1952
1152
7129
2134
21
535
8018
5
3550
6693
45
6754
3317
8848
9222
7511
6183
1915
3117
5157
3952
1871
3369
610
9497
7119
9617
8339
8448
6969
5986
2831
595
224
3866
500
7055
8870
2602
6527
9695
2819
5607
2300
9116
4768
6336
577
3288
6338
4519
7834
3305
390
441
5453
3388
3464
401
4257
366
5849
1220
2447
9980
747
7061
5105
5249
32
2548
4531
3639
5947
6346
890
9992
1410
5371
5496
3016
2007
6945
801
3554
6553
4870
7072
9098
9838
9338
7172
1294
521
1100
5774
8966
1856
1121
287
557
6589
6871
3867
7457
321
703
3680
2873
89
3796
2487
6958
516
5465
6758
4608
2465
9258
9813
7884
1449
3274
4770
9816
6921
5859
4998
6259
2922
4286
2853
4333
4983
5259
8747
6885
2830
3152
8840
624
2694
5873
6208
5315
5258
6574
8321
7952
6000
2430
9011
5902
4842
4833
2886
9362
7056
4876
7426
4855
3838
9439
9620
5430
6303
6356
692
2212
9407
7707
3934
3399
9671
7923
9530
3933
5626
6531
2027
3747
9696
3313
8038
163
3574
724
8193
335
2768
2825
9264
374
9503
6330
1904
9851
8962
5672
7726
4348
6414
9236
7935
4293
4277
9639
3759
7724
5224
6752
4454
2707
8031
2140
4980
4470
5137
107
9704
3943
3868
1994
9238
5940
3524
2615
3386
3853
8969
6655
1374
1709
5776
7444
2124
4392
1142
5846
5936
4513
540
4541
9918
5550
6168
9825
1219
971
1183
3585
1115
3575
6728
4637
1088
4426
7269
2302
1245
6483
4285
6597
9156
998
4128
4599
9916
3153
3950
6007
6809
283
7860
8094
730
3815
4172
9710
4553
3415
4061
9022
1776
9139
7570
1878
6368
5403
9478
8402
4447
4549
3784
4449
9460
1429
4562
6055
1748
721
6322
8793
1535
4261
8233
4639
9184
1647
4327
901
8717
6255
1188
6753
2880
2189
9030
4566
6450
3800
431
9927
2818
1997
9394
3278
4460
3334
6175
8609
2682
8867
8980
8350
9033
4319
8315
5046
3938
6901
1078
8680
8693
3462
7028
8878
7054
618
5410
6262
1495
6965
5178
2114
165
2870
6960
604
4925
2341
1819
3653
3123
7765
963
9600
4997
3997
5893
6353
1603
6727
9505
6509
2454
6806
6142
6194
7427
3213
5135
5119
2578
6485
9996
2637
1162
2449
1699
701
4835
161
3220
1983
1860
9062
16
9878
4248
292
8987
3780
214
7754
8556
9526
9760
4816
709
259
886
6998
7789
318
6487
6729
8318
4630
3452
9513
6654
1051
9795
4133
7229
9829
4916
6490
3721
2123
9081
6470
4515
4450
3622
1283
994
3156
2203
8626
7166
9078
4032
9340
3060
4151
1460
1278
7356
1421
3375
5739
3949
3511
2822
3440
2332
4819
3071
3065
4679
8550
242
2539
1986
6687
6023
2004
5836
510
9943
1843
2708
2753
2265
1561
1214
2358
7698
154
9694
5636
9733
558
9224
767
948
4365
7085
359
59
5016
6755
1839
5906
7147
5155
4959
2624
3421
8978
4185
1089
8217
5540
6820
8040
5568
4739
6738
7306
9259
5219
3058
1536
4205
4765
9632
7003
7865
9725
8432
2152
7146
1853
4545
2738
2950
4733
5710
7191
966
3044
4674
7067
6443
2446
6578
7872
4471
1099
8525
5391
3974
7763
6230
6740
9932
8940
1485
232
5299
9474
2316
2065
1682
4827
2048
3515
5317
9688
9873
754
1163
7686
9280
281
9743
2282
5050
9629
5126
1850
8690
5658
3181
7819
4009
3052
2658
5473
2442
8526
5359
1459
2763
5695
2660
938
410
5467
9449
729
406
8934
8045
9100
3403
8572
3753
8398
3363
9315
8422
8276
3637
3819
6935
8022
8085
5286
3751
7888
7333
7369
2102
3892
7398
5989
1228
2261
8060
9188
8603
17
2115
8407
91
5175
1728
955
3611
2470
3498
2164
8825
5171
7545
7992
4346
6711
8925
5764
6181
6664
8405
6420
5712
5413
6601
8723
7896
1655
5577
69
5447
6605
1971
3990
6378
8469
6041
6671
4269
7171
5725
2026
1867
3671
6116
726
8182
411
6712
148
4295
3594
1722
551
6069
9409
3825
4708
4543
5874
6592
1981
7590
4740
668
1594
2783
1336
7948
8326
1227
170
1256
3018
9069
4487
7365
1326
6398
3694
1271
538
1582
947
3966
7799
463
7350
3142
1738
2195
7651
29
9606
6946
6792
7205
5753
6244
5506
22
9310
2729
568
4868
9616
2480
2899
4849
6878
8184
1035
440
973
5034
5705
9440
7533
705
2878
1458
1129
4580
3151
4400
6025
943
8753
3241
7826
5480
4274
8910
520
4735
2691
4252
9087
3685
5036
8379
9982
3010
7496
398
5128
7214
6971
847
6083
5970
9699
5236
654
3000
5445
5675
2714
9306
5820
4367
8372
3495
979
4100
6301
9227
8547
937
3024
3439
2979
5812
9046
8258
4312
5650
2937
7854
6941
5676
8054
4508
7320
6513
8466
664
7291
6937
3801
7112
7774
2848
1339
328
9603
6216
2833
6258
1414
3295
3017
3405
337
1034
9438
8391
9521
3840
4505
9687
6495
2476
1137
7538
1054
4761
8342
919
7032
6733
4037
2457
7662
3559
1810
5703
9762
3902
5250
3834
1439
3915
5101
6195
8608
3132
5866
7586
8697
4687
7659
9744
7832
5048
5837
9490
6104
6535
8915
7255
1934
4280
9973
818
1305
6846
8420
6045
8614
6825
5084
3116
4981
1488
9496
2338
6838
2451
434
8343
4183
5330
9291
2964
602
2037
4921
4895
8658
7463
4086
5730
4587
6263
3322
6437
8098
5694
4600
3789
3590
5223
8282
6227
4538
846
7159
9747
8602
7947
6632
8756
9844
965
4251
2119
3854
6829
7338
1683
9435
7859
4954
9303
3379
6533
330
1413
5997
6314
4826
7432
7960
4360
8904
7625
2807
1087
6092
9897
9765
9097
1844
7722
4054
7861
4837
829
2053
3309
4820
8701
6061
6957
3096
6455
7635
6401
4484
6370
4611
7093
4430
456
5019
1927
6772
6519
1196
9370
1711
1643
6375
3021
1013
1438
663
2796
8999
8245
3973
8972
1967
4046
125
6424
2806
5095
5545
453
2791
6345
3187
8383
5109
7879
7011
4915
7737
2340
9307
1368
3626
3744
7323
1263
2629
6900
2916
2127
3030
2479
6974
8470
6622
7559
9260
6818
854
4375
4326
9637
1386
9804
2433
7176
5227
7466
5566
7795
1427
3233
7850
9555
5018
5072
8528
9484
1147
6828
8660
2961
746
927
9252
7537
3380
2163
3279
2550
1768
7009
317
7452
6954
3882
2224
1645
8499
9287
8397
331
2423
8460
1919
9256
8158
8160
8524
361
3873
4380
2301
5585
8554
6371
7419
3497
8604
5570
7273
774
2375
6097
3126
616
1746
7631
8785
5377
2837
4548
1920
1841
7223
6940
9904
1632
1105
3214
8310
1958
6103
2035
6898
8531
5272
7822
4332
7
8760
343
7021
8686
7254
789
2854
9382
9123
6324
5195
9253
2099
2858
3255
6521
643
6085
5429
4119
1369
6044
4757
297
6488
2126
7845
7894
2514
8681
8468
6284
5921
43
9793
3316
2117
2067
884
6372
5267
2599
5821
5405
4863
6759
3150
1230
9936
8743
7580
2820
0
4181
2501
1304
2365
5601
8981
4664
1509
3400
9764
3786
8905
8475
4604
4135
5612
5104
7158
2207
3289
3366
9044
9344
5184
9691
6638
1835
7824
5565
4284
7621
6994
2750
405
5041
4904
1857
4565
8244
1340
9138
3504
9096
200
8200
494
8643
2767
5800
3240
2135
4411
1896
3381
6130
5763
7389
428
8242
4313
6280
8367
9716
4417
7984
9023
7015
7690
7033
6761
1076
4783
8946
636
7848
9642
3519
5680
138
4540
941
241
1877
3679
5079
3006
8495
391
2400
2972
1969
5752
1138
9488
5176
7237
9118
272
7446
757
5900
1264
9863
3192
633
3982
5748
9040
2927
2610
5744
2787
2936
4433
64
1186
9958
9653
6503
5310
5347
7019
7607
860
2354
9304
7940
8551
3231
8458
2162
9221
2312
2221
1654
5563
4309
5998
2005
3663
9880
8508
4952
3674
8939
7140
817
155
715
8221
5856
3876
3579
5240
4567
377
9693
3520
3794
4762
1749
4053
5455
9174
2628
6040
9210
3874
1154
2044
5590
5965
5461
3409
5177
1772
2995
1589
9862
3408
2072
6089
630
5668
3456
7846
4524
8576
6014
591
3330
1616
8704
2489
1332
7619
5156
9582
95
2630
9577
7980
2392
9559
5063
600
7546
4027
1974
5826
1862
9037
3449
5572
9909
7207
2185
5847
24
6078
1475
5963
3374
5623
5871
5266
1627
3953
7388
6620
8229
2859
7005
3844
4321
3921
6881
2890
4890
861
2724
491
5434
3863
625
4438
5264
8254
6228
7912
8619
2593
7813
3859
1172
5186
202
7895
5648
4766
748
9881
7062
5538
7670
5533
6506
4988
7614
2411
354
3169
2519
2525
6053
1423
6404
2032
5121
3141
655
4615
5291
7348
7280
4388
7211
7954
9621
5794
7902
5582
699
8338
9527
1306
8291
509
805
6872
3668
1231
8191
5024
5806
824
2120
920
524
6739
6721
2113
5885
1365
7753
855
3362
3790
2250
8320
3951
7857
7438
127
2349
1407
4422
2484
3351
8869
7384
2339
9882
9928
149
8183
1634
2232
3172
2999
2592
6791
5232
9334
9610
2181
6787
4526
6701
2298
6058
4752
6714
3762
816
5475
4927
2884
5644
7049
8404
9668
868
869
4091
3266
4389
7769
5436
7315
7187
2052
4198
8659
5062
3083
4022
8961
3683
4957
1361
341
8965
5509
7617
9663
5909
6817
2370
8013
7864
7641
2719
7443
5534
567
5419
2499
7756
4509
9321
8574
437
9652
2388
4078
2394
1059
9354
6526
8084
2248
8330
9761
1303
6848
6179
3347
9010
7290
8441
6559
9828
8201
1357
9077
8332
8385
2272
6013
8544
5788
4622
3411
7520
4745
6231
9383
1982
7991
5058
5415
7539
5516
9472
3767
2689
9589
5530
3073
3500
8555
191
1992
5560
8790
7177
1408
6918
5673
2581
1122
2612
481
8889
1324
8427
196
5026
6482
3068
1730
8738
3328
7332
1833
9464
3487
9366
1202
6845
1080
7897
9454
2792
3297
2951
4320
1601
4576
7806
7823
7657
8052
1382
5136
1198
5933
4571
5207
8636
2078
3287
8180
9631
7771
2690
2563
1800
8015
3299
4279
3249
4731
4289
2104
9185
4292
8316
403
2902
5892
1814
80
2631
7289
1882
8850
2562
5511
5916
8804
4517
8089
5850
6290
3595
3337
1139
5852
1238
1334
1252
5904
6285
137
9815
5075
4067
3681
1364
6760
670
349
3845
582
4483
3533
1293
4728
8358
6769
6673
8287
8478
7257
2760
3728
4237
2461
6018
6035
6065
7557
5365
3296
694
7034
2850
7152
7473
9316
3404
9962
8778
8154
8809
2522
2337
6770
4499
3485
4249
8796
2024
5754
9492
4200
5742
8212
6888
3932
6939
8593
5396
2011
5872
9518
1906
5960
8590
2531
8174
6987
2589
9051
5478
3194
2494
3103
2634
845
178
7170
5596
1886
5709
588
352
238
421
6171
48
5253
488
4376
15
2184
7773
3946
4072
3835
4813
7665
1977
6333
9065
5714
8033
2147
3583
5747
546
7277
1869
3201
1153
4578
4155
4310
9858
3875
2405
2091
3253
7243
1040
2160
9809
8768
5810
6108
8714
6716
4554
2716
6289
5221
597
550
454
7530
9406
6449
5464
2415
5569
2600
691
7970
7905
6695
7510
8259
6715
3244
5773
9356
1445
7993
9262
1258
7790
6180
3239
4193
8855
197
5708
2801
6261
8016
5949
6875
2176
4574
8820
982
4437
4408
5454
6435
9007
9146
2779
8142
5923
2508
7548
5328
8037
6963
2346
3203
3185
7385
9940
2083
2008
8839
2255
5297
1409
2252
7830
2205
5468
4379
3527
4534
6349
5984
3210
7598
415
507
4112
1545
3387
4233
6697
893
3665
8057
9728
5929
2191
9650
2288
2826
9546
300
88
1822
1527
1246
2444
2277
3420
3992
6602
3985
2293
3597
6557
3199
4214
3877
9920
1487
4000
5443
9442
3798
2151
9702
990
503
4409
9157
9788
4528
6773
6905
2737
6581
960
5972
6057
4305
3290
4276
6619
4628
2991
1372
7692
3429
166
5717
8676
5594
5393
1097
356
2888
6550
8708
8138
7451
9736
1019
6256
842
6544
3191
3837
7740
8434
3766
4161
2274
7676
7094
185
650
5492
4202
632
3373
3605
7999
5382
4096
743
34
8421
9949
5925
368
9444
8518
6909
4240
665
5398
2397
7276
9685
3636
1975
9325
5805
2056
3565
5863
7439
6943
5666
1444
9242
7270
9572
5593
6873
5630
5932
8099
9528
7781
1347
5070
6157
2095
4241
1406
3630
381
1937
3688
5203
2898
9127
5558
9376
72
3392
4044
8406
402
7541
4963
9867
9537
9645
6232
9489
3472
4055
3190
9427
6919
8688
7518
9134
999
7673
5884
8437
2426
6128
1418
9013
5418
3975
3
3234
8266
9599
9363
7342
5864
3209
9960
6556
3714
3603
3281
9854
8149
5165
493
562
156
5551
6657
9124
207
1968
8362
6193
6600
8127
7941
5311
8364
6425
8835
7718
7294
360
2324
8312
8204
1053
3444
713
3893
7575
2728
9201
384
9783
3494
4847
4201
723
3124
8844
6254
8866
7714
8125
8485
560
6042
7989
2402
5277
8671
293
548
8745
8932
9914
2733
7402
9331
8235
215
5671
9199
5450
992
1732
2128
1912
4928
4982
7198
7985
8755
9059
6968
8234
2700
2275
4079
2555
945
8077
4867
2526
2978
4956
8568
9519
7949
7180
9173
5731
9106
9378
2142
3256
1092
27
8661
6166
9849
5120
3779
9839
1289
6342
7804
6033
6730
6072
5472
282
8589
6862
7775
4964
8827
3749
2988
7829
1619
4386
2398
1604
5388
7131
4696
9853
4947
9643
7195
4666
541
6612
1917
8615
9136
8370
8571
4772
5281
9887
4648
5751
394
1576
9581
5199
5033
3492
3635
8373
7700
9776
2635
3531
9970
9147
8453
7550
6816
2553
7420
4402
894
1765
7663
8976
3315
9367
6984
8859
7386
2488
3099
248
6026
3839
3909
3120
4057
8679
2672
3935
6585
1649
5243
6434
4899
496
1606
3164
7313
39
4776
5548
7986
4818
4147
19
7080
9076
2017
9502
3072
1638
4821
3090
6096
3572
9597
9596
6060
8684
7636
4212
1496
2362
930
716
8207
5187
8352
2047
6467
6312
3346
1094
9938
1091
7810
6220
6947
6608
2096
7260
7251
4575
2382
6897
5848
4118
3558
1134
223
5657
1777
1747
908
8891
606
5188
7841
2518
5323
9043
8269
9899
530
5065
6088
4705
61
4699
5635
7816
831
2993
6696
3364
2167
9368
5469
1145
3051
6122
4965
1718
2797
1337
5356
8068
2929
7497
1229
9004
1341
1665
4610
8735
9
2321
6507
2133
1764
7395
2173
1789
2270
7903
9847
1065
7772
423
2263
6205
8695
2504
2427
5438
4349
2387
3054
1622
2557
5809
9757
7300
9818
8298
4428
3537
1203
2597
6410
1490
4265
3401
6808
5229
329
383
1943
378
1785
8100
6554
2284
3390
3037
4308
1598
4941
9390
3568
3824
4943
2285
8216
2050
8464
130
9284
8361
4374
8648
6385
184
3773
7301
2009
7200
5881
9608
6865
5209
4353
4734
9871
8654
4435
3885
3438
6607
8733
5745
9729
5503
4171
4486
1938
9801
8630
8311
8769
6999
4366
8438
483
8396
9619
5814
6819
1083
6347
4219
4387
2817
4514
8106
6451
5755
1543
4684
6618
3384
5111
6821
3335
2028
301
5840
1786
4881
6694
5779
8783
3433
1381
9422
2507
6004
7482
7322
4049
3919
3107
8392
533
9408
3105
9841
5834
7204
1024
1508
1164
8583
2235
7397
4081
3567
722
5535
3265
5969
5793
1823
3272
9047
891
2584
2500
269
2559
2918
3443
5190
2568
7653
7358
8323
9275
4283
2897
4102
5499
4635
4363
7994
9732
2287
8410
598
450
412
9945
5957
662
2697
1725
3320
140
6708
4789
644
4498
9754
7236
1077
3423
9125
6468
6623
5477
199
513
9288
5466
2418
1249
7000
2197
2619
3353
87
9429
6316
1928
1752
1107
3521
7210
1899
3410
9020
3473
448
5880
8895
9972
6062
6924
9997
3930
6646
6305
4149
8560
429
2614
8665
8705
8985
593
2780
739
9883
3489
5039
9840
5878
9000
73
2220
4721
2073
6442
6159
2103
8521
1074
2856
5886
323
4068
751
9721
542
8842
543
5030
1558
8592
6545
9504
1416
8192
3354
2537
1925
2712
4975
6080
4785
3589
1169
6572
2907
9981
3998
6922
3976
4996
198
8281
7594
2502
1756
658
5823
6294
6100
9590
6515
5879
79
2462
1697
2186
2984
8178
2529
585
9067
2407
6243
6917
1042
9917
2404
8450
7508
646
5282
7004
470
6709
9200
921
6625
895
4593
8026
5824
9421
9769
6547
1001
7435
9448
2793
8474
2315
6674
3385
1120
6
3206
5402
1181
2199
7244
4814
2875
9999
3057
902
6396
2368
2583
6118
1176
5332
8624
1189
9670
4342
9052
4006
1215
711
7230
1480
1911
5678
4502
750
1973
1085
7521
7522
4267
7217
5634
2380
4793
8418
977
9601
9332
3355
9618
9120
271
2509
2895
641
2040
3481
8691
3482
8062
8023
7453
5664
7874
1363
9588
7983
4711
6331
7411
5513
9289
379
6942
6955
3656
7918
3591
2055
7392
7422
2975
2436
6512
6114
8824
8765
9337
1549
8655
8055
4427
6466
8725
8505
4335
4962
659
5982
7566
8983
112
5918
3125
5857
4322
3451
5361
1621
327
7047
9341
1499
4104
2510
7612
5301
7284
6893
1165
6805
6720
9898
7961
5523
5082
7374
7074
5870
9784
4898
6047
1066
452
5474
2692
4614
7303
233
4039
4177
7363
9342
1987
6903
6320
2985
7326
4423
7410
9852
7891
3111
3582
8751
4536
8252
3822
7076
7656
7751
6596
3155
4533
2549
7376
9824
5562
7838
5351
2060
8634
4623
6469
5995
9987
3737
2659
8923
9088
9615
2305
8566
8232
2687
8750
6744
9542
3171
2670
4930
8519
8538
5133
3907
6698
6206
9552
6997
4992
3980
6458
5631
1255
2996
9110
4064
2413
2234
9082
7979
1261
1098
2751
1433
5344
474
3764
5727
3833
4629
212
5882
6309
4950
7458
8206
6993
164
1022
3098
5327
1514
2606
9551
5827
1980
6713
4025
9143
9539
3817
9397
9930
4191
9322
6613
4188
4215
1775
8279
6079
7889
7866
1312
1758
727
9404
4258
7220
1929
5245
1531
6306
5383
5257
135
3761
1262
54
6377
2469
4918
5206
30
9395
8224
8628
7596
8236
1648
4767
881
9750
8569
9865
5152
576
2591
7957
6804
5807
3079
1847
5905
876
8409
1436
1565
2646
8611
1727
3326
1678
8881
5162
5983
3904
6177
820
6150
9283
7600
44
4290
8540
2310
6218
790
8139
2247
1978
5974
4012
5743
1530
6365
841
1320
5975
5256
6359
5903
2843
8145
3312
9654
6868
8297
4302
7001
2141
6321
8886
218
6253
1453
395
9235
6462
1895
2601
9172
1559
262
1330
1793
6325
8146
7483
4340
7501
6666
3350
3666
2954
8006
2319
6226
6235
603
5107
8395
8854
9919
2699
4143
5686
6591
3483
4989
5129
1548
8663
2171
3644
4831
6050
4718
457
49
6811
7083
4101
9228
7425
2574
1914
9964
8263
9541
4594
5641
3942
7553
4356
7909
3254
731
447
8101
7972
5656
8561
6928
42
8918
7998
7106
9229
2081
8308
9626
7916
976
1510
8277
6479
6016
90
206
7381
5262
2725
5780
2608
53
477
4644
4229
472
7610
7825
375
1714
8267
9270
4216
695
7013
7091
3649
2428
7139
2746
7655
299
1715
7027
3535
3901
3543
7645
2652
8588
2812
6886
4038
5500
813
3600
9727
4174
6269
7235
3887
1950
2088
8620
9993
9102
5988
2641
5962
7708
4746
9245
3580
3332
9005
7856
6440
6429
6480
7285
7060
4337
617
387
3047
5610
825
9701
2534
380
564
192
986
5087
3542
2925
2452
3799
8973
2481
2063
5268
9456
8810
6327
660
6155
3989
8858
9876
9237
6402
771
7568
9414
370
4706
879
9086
6446
3693
3437
1257
7679
6995
3557
8739
7239
2990
6038
7685
6293
8214
8731
115
9587
433
8887
4318
4421
3889
1719
1562
4879
5706
7840
635
6005
2041
4330
5408
2595
8777
4968
8991
4730
1893
9811
2330
6839
3711
5595
7593
5934
4848
5395
4843
563
8607
8408
8120
680
7382
8931
7783
8637
4235
9770
5556
4024
8196
7361
1502
1072
7532
5573
188
5895
9547
5520
5858
8256
6260
4970
758
1243
744
2278
1351
6366
4909
7601
176
1918
3280
3748
6265
1290
5688
7602
7232
1541
420
9129
6135
3333
8228
7881
1566
8481
2087
310
6215
8730
9477
6046
2963
8080
7512
4458
6126
4139
9954
5924
7504
3034
681
124
2154
9493
9749
7611
4551
2947
802
2540
5728
6877
5868
6054
5682
7075
8265
9786
4088
5489
2876
6444
1806
8449
9705
1859
4250
8832
3242
8222
9412
1880
5273
2524
9817
2969
6510
1117
2704
8173
3865
3137
1221
4218
8944
5618
160
2138
6418
7981
5973
8578
250
1272
6133
4665
9979
9353
8092
26
1020
1194
7082
5329
5841
7569
8927
2281
3197
836
2229
6115
8430
5959
7964
9075
1370
1993
1454
5442
6074
6644
4108
7791
8994
875
5319
9658
6463
5216
9628
2296
3179
9305
486
3691
957
5592
3962
1140
6653
3365
7339
7778
1207
3525
4939
7648
334
9279
84
8826
8423
6498
615
4384
3046
1792
5941
7202
7982
7406
4717
7560
850
4211
3669
6812
4425
9426
5196
7777
5374
8278
2587
2168
6474
8586
5649
2834
3629
6276
4753
6668
9946
6763
230
5522
5142
8007
3227
8767
872
9453
7465
8111
8156
4231
5625
365
1609
2076
482
4065
4011
531
4669
1876
6185
2942
3544
4413
1668
1344
4971
8512
7100
13
5338
714
9240
6834
2198
8928
8496
4625
572
7233
6904
6411
5495
1353
4581
2051
7194
2756
7142
795
8439
3869
6091
7506
8894
5085
9191
5077
3215
6705
3701
8482
4385
1663
5822
4058
7858
5202
2698
518
168
3303
1029
3803
5123
8816
4912
736
9564
8271
3062
2849
8039
6163
117
2934
2303
8115
3686
9891
4651
6011
4961
3792
7278
9326
949
7805
7503
4043
3895
3293
2921
7727
4999
9735
9700
1842
733
181
4468
2434
7745
2307
7128
9952
9646
2497
3768
367
9035
9556
9558
7675
1754
6363
7842
5278
6237
9001
7337
6683
2789
9336
7018
9214
7031
7646
7747
2046
2369
7346
1865
4990
8181
6611
6911
3697
9752
3857
4245
8175
6395
2545
9273
8001
2788
5222
7987
1525
5720
3480
1177
8819
7324
9884
1672
3971
6775
2082
9690
5928
267
3662
7391
7123
8130
1498
9031
4457
3936
7029
1845
1443
7867
9805
2256
5699
9277
1931
6017
2491
9068
102
436
9676
5567
3282
8557
4281
5239
6785
8504
3709
2395
2320
7010
2945
9821
2222
2029
673
6778
3084
6734
2986
8250
5335
5937
6584
8823
6938
9430
7500
7390
6015
1916
2752
260
8759
3216
4168
5387
9790
8656
9948
952
6843
1909
7939
4617
7292
8073
4948
9612
5910
3173
1506
8805
704
7179
7304
92
369
8043
6747
5090
7121
6332
2702
4893
2016
1067
4781
3020
4802
2547
6056
6138
1512
3431
5086
8917
4685
3069
3956
3903
449
9192
2266
3014
8836
1349
8309
1383
2974
3001
9686
6250
5913
4107
1058
4655
3797
1832
6690
793
3570
5421
344
3698
7275
7818
5701
8435
2058
4544
7354
1314
1898
1595
6198
9656
2836
9758
5546
4702
6910
5008
8949
8285
5578
6189
8977
8292
3599
1182
7441
7143
210
1537
7827
7555
264
2867
9756
9675
8901
5640
8168
3407
5183
1403
1425
8942
8997
9391
8314
1329
4306
950
14
6964
2511
4661
1658
1282
5390
7247
8757
9635
5629
7585
1030
3161
8365
2294
8303
4494
2616
9009
9117
1972
2948
1570
3325
4723
5628
1564
5274
3725
779
4475
5091
3229
9018
4190
4410
3101
8764
583
1807
1322
2363
6182
4853
3750
4732
8128
4268
504
4028
1630
5647
1820
7890
7873
2861
6438
4683
6299
5515
2662
4995
6746
1628
7475
9561
4087
8403
459
9401
2384
4030
1523
4414
9697
1310
3627
5771
4127
5097
2579
498
1713
7863
3245
3372
8833
9885
5283
5182
6530
5584
7885
2882
4900
2740
2721
2093
6676
3009
1144
9345
9708
5015
8359
8004
9598
6217
8548
3614
1483
7196
2374
237
7901
6329
9864
7362
2958
1430
8103
9709
8828
9950
7149
2006
1348
7821
918
7224
6107
5000
7498
8002
5922
6242
7958
4441
5212
3391
7414
9318
9470
1497
4841
6277
6867
3078
4459
2417
3820
8558
5163
8773
5399
4230
4873
9268
6486
7571
4132
7883
1617
9692
4862
2713
7079
4442
4401
5147
5559
4668
8782
9026
1187
5606
631
5031
6870
7070
1522
8988
4512
1359
6579
5527
1401
3617
7073
2108
5193
5964
8346
944
3898
3294
2159
1569
819
8865
8719
5758
4886
2279
6172
2515
4445
9377
2314
2829
8649
8703
1664
4109
742
8331
355
7762
2317
9667
3460
6732
6421
3219
1026
5004
2351
4932
4399
1481
8674
5173
6633
4836
4647
7097
1626
8161
4334
8996
8935
2841
734
3175
9835
6313
4744
4263
6883
7138
1706
5161
3230
7719
1567
5738
4225
8307
147
3139
5729
5009
9050
3862
4182
4713
2755
1941
6024
9308
4649
7024
3086
7469
7792
3613
9485
3463
9922
2852
7549
5368
266
5280
9295
6641
7579
243
9049
1593
5235
2632
4029
3012
2367
3736
4923
6617
4660
4758
4084
2098
8046
7629
993
9446
1108
7335
1055
8662
203
4089
8992
7757
8313
7036
9755
8295
1894
1849
5166
9254
2177
6360
2919
2684
6497
3899
677
9722
8075
6814
6101
8860
7408
7913
6287
7133
8053
1103
7330
8514
8845
3055
2204
3987
9160
9347
5334
9480
688
5341
9679
6174
2059
4556
6257
9487
6245
4331
9877
5326
7937
777
239
2987
3212
3623
6560
2970
3999
2419
4466
6598
490
6379
7266
2131
7878
9198
6030
8386
7702
9861
3218
2798
4563
9161
7660
7310
4585
4891
8536
2709
9901
7936
58
3965
2325
1350
2582
1463
669
9777
3983
3959
4704
5651
3238
8143
2068
2202
1817
33
1223
1101
2769
5529
3640
6788
3092
471
3232
3419
2297
8032
7976
8645
8533
9921
3812
1703
9349
1173
8296
1985
7759
8502
961
1729
7839
8112
1926
3252
7328
8882
769
172
4390
2389
8520
3813
7124
7164
2663
859
5237
532
9955
2983
4154
3461
3154
3200
1388
612
9874
2855
9875
1858
2696
3963
1235
8220
9413
126
7423
2179
5153
8523
2695
4111
6866
1302
4463
3455
9939
3501
6985
8272
9465
9959
7377
5967
4474
9842
5118
499
9205
2577
5889
4377
5490
6661
8752
1755
827
1284
3900
9451
9360
9665
4877
8794
639
613
1136
3357
5598
7898
4122
7086
1216
3228
7711
285
3258
315
7480
569
5896
4850
6766
4991
3739
7043
7378
5100
8344
9145
8025
270
7622
9417
1166
6111
839
962
8162
302
1335
8818
9034
9080
9028
1701
553
2178
8257
6859
4396
4406
9942
6972
9386
5981
6685
1659
8567
3552
6989
7336
2033
7493
1081
626
5180
169
6564
8005
7462
9425
4626
5174
2490
1191
9674
5723
8431
511
1297
4094
700
1799
9986
9218
7341
2116
7403
4207
6246
9792
4955
3986
863
9967
5400
2512
8682
3650
9633
7048
1733
6643
1489
6614
2045
2741
5092
6524
2717
6599
807
7002
8953
2678
6558
1095
8797
9215
3476
6120
6426
5687
3168
2021
5354
4977
6337
1239
9802
7375
4167
7221
3849
2231
4555
7573
8471
6800
6052
3344
3598
7963
4419
5003
8424
2070
8102
8241
1285
8249
2125
840
3569
1608
1068
3166
7353
6344
2588
7618
8456
6229
3217
1049
2036
4429
9292
1652
1712
7934
2933
7380
7459
2656
4382
6741
4398
113
4315
4675
1222
7418
1131
3573
9180
3134
5736
5093
5010
687
2554
6777
2122
4984
3634
8873
5521
2965
3066
8382
3004
1399
2666
9234
6756
57
70
397
9267
7429
7371
5835
4860
3690
9166
5697
849
7144
6707
642
3225
9734
8933
7534
1224
2622
9911
7694
1670
9845
1757
9870
8451
4838
4987
98
7597
4680
7253
9064
1815
8288
8724
9723
3677
6651
6718
683
4940
4938
8353
2473
2923
1500
7776
4416
9879
903
413
959
8698
291
1420
36
8718
5025
9778
2844
1236
7968
9365
7241
4934
9678
2097
3607
4501
3926
922
6006
8301
2409
2935
9048
9226
878
6494
5027
7572
970
2010
8792
3441
7576
3427
8843
9346
3555
3726
5138
9231
5313
5782
9549
7116
8231
7706
2860
5476
2609
8995
9593
7344
3352
7741
3785
2992
6297
3648
4115
4110
6944
5790
3360
7135
4140
2344
8716
2735
119
4792
1288
6688
3713
28
1996
5603
7519
7120
4075
7650
7368
6214
1457
3712
5839
1062
2638
4203
9063
9947
9163
5920
5555
5143
9369
7755
5804
6391
3271
5076
5482
1073
605
9271
6059
3861
4780
4712
991
7527
6187
9424
6743
6153
6931
2701
6577
7552
5510
8165
8696
9543
2565
2711
1484
4035
8440
856
9091
4099
6408
2874
5122
7467
7126
8510
9003
3880
3329
6889
4907
3081
706
8847
7843
5470
6768
2808
6197
8646
8821
5411
8893
7077
9544
4714
1870
9486
7633
7833
2271
5704
6278
7780
5198
7922
561
5911
2943
6906
6836
1830
1130
5169
4507
6500
7351
4967
3925
4196
9202
4558
6726
9579
1960
1398
7329
9494
5230
7627
9848
4725
698
8748
6186
2604
4586
9931
6308
6615
5110
9302
7064
570
3186
4197
100
2772
5819
1301
565
8955
9113
9888
4120
1921
2585
1387
2967
4098
5700
8606
8148
4922
2832
9903
1404
7908
9507
5021
812
2080
9545
6879
4759
1637
6539
983
8813
430
2621
7798
9393
8360
1639
9128
131
1811
506
4709
1889
1646
2705
1735
4015
7038
9208
2214
7744
9604
8067
9479
5422
2838
3095
6358
1279
7565
7487
1901
614
5689
3593
8
512
7307
8784
5561
926
5290
5053
8727
7218
5225
5314
4117
179
6407
7265
3547
7587
924
1277
5204
4227
4095
3298
1356
2471
8153
5032
9812
4596
2804
5367
946
324
4023
4264
4005
2025
556
8685
4606
674
1954
9298
5574
8086
5935
8770
2440
1090
4338
7470
5875
7808
9297
9057
7950
852
6824
5440
6786
4667
671
5456
9745
4166
5416
3029
4638
9961
5493
8675
1358
3127
6036
1039
467
5460
5150
2994
7875
6684
5231
1151
1200
1767
2576
4823
5054
2920
4894
792
8629
684
9508
4259
1533
8274
8492
1018
7820
8627
5619
690
9613
8912
2258
8336
7174
880
1043
7768
7161
4884
5707
5898
3324
5389
5543
3830
8729
4092
4804
5667
2777
3321
1599
1298
9101
6148
5838
332
4613
8121
1362
6631
3118
8815
4579
6784
175
9403
9296
8744
762
4159
5508
7847
9609
8715
6341
1064
8549
8802
2505
7928
5504
7226
1474
9726
4041
3922
93
347
9533
4691
6292
227
5942
7477
6830
3488
7215
4090
708
9724
6298
6099
1250
2174
4007
3577
2872
9265
8982
645
9457
2107
5486
873
9211
4162
4150
5591
2322
1234
3061
2422
2623
9562
5159
1021
1874
3088
6430
7855
193
1384
2613
3918
8483
3311
6340
9798
2809
1798
3184
3566
1611
9827
2492
5331
9104
4130
8687
8195
5247
1093
9335
7319
4488
4773
2421
7264
151
4671
3076
9720
2054
4979
7283
7583
8668
8376
7687
8058
8597
5696
6959
6699
3914
5043
7316
104
2533
2458
9836
3651
3816
9834
4677
4254
6663
5213
8305
916
2233
3292
2468
9566
9517
6281
3246
8414
5600
5012
5761
7352
6642
5363
5583
3576
5071
9893
9651
4148
174
4299
263
8971
4736
6147
8651
2438
2359
9070
5002
8736
5309
4080
2246
8443
2357
6799
3755
9233
9837
141
2456
7556
5056
5599
7962
3343
3284
8673
3040
4817
1462
6575
132
972
8377
8051
1201
7917
7272
607
7760
5816
6667
4506
6073
9520
2649
7696
6586
4271
5360
4270
4287
6461
4358
7938
682
6737
5536
1802
1524
4394
4179
7030
1885
8151
4650
4351
3300
7045
7704
8635
5271
6082
1657
7008
3905
6117
7039
4926
6890
4897
4294
749
5088
2161
5042
5968
6279
77
5654
6847
9216
5537
3760
6311
6844
7125
7271
9169
2710
3514
8829
2893
9630
6869
8811
8803
8960
693
7297
7157
2268
958
2169
8024
1405
8570
9042
2241
2244
3447
9664
913
2333
2431
7051
5865
6364
4756
8664
9576
7672
7118
1014
3338
3969
2455
5833
8812
5130
3724
2183
4051
1949
5528
7099
5786
158
8035
3510
1597
8390
1538
1033
1607
6223
6896
2236
9445
6686
4518
8091
2887
9115
4273
3704
1276
5945
7542
2441
5288
4896
1851
6127
3471
4153
4510
765
6392
7582
2175
4126
3475
1161
1794
4455
7528
8354
5325
1516
3064
5908
5831
8477
9140
1178
8345
1613
8328
8625
8487
7862
3654
6131
9574
5081
6003
9402
7340
3478
6267
6095
4872
9164
8563
3722
8763
8746
517
5263
1352
8048
2851
3556
4047
9149
234
9089
2306
9374
3112
7849
7412
988
6796
2762
2742
8126
4491
460
1804
8118
4856
9823
5802
1520
9158
3970
8875
4631
2739
5762
9944
3263
2136
3468
1206
7115
2569
5832
4654
5711
5294
8133
2573
6516
1553
4393
6387
5617
6528
8141
1004
9269
1939
313
2193
1731
1620
1808
7925
1492
8758
1046
8732
4467
485
4073
9300
4690
7117
8885
8454
4238
4810
4431
6981
6832
623
6703
6110
3356
951
5197
3964
4354
8546
1781
8930
7434
9119
8613
2956
9195
4676
2966
245
216
2715
4569
2329
4480
5131
9856
1557
928
8027
9024
985
4213
2239
3995
6043
3687
9759
689
2871
4908
7943
134
2894
1323
1769
3196
9583
8415
2932
7298
484
8591
2879
9814
6251
3545
8943
462
4521
1281
5526
6508
5124
8227
1422
3850
9294
252
4775
9706
4800
4361
910
5444
3870
4653
7761
9170
1740
4985
6190
7479
5343
416
4244
9774
8621
6173
3852
929
1478
634
7246
1940
6137
2304
1104
6682
2243
4001
9008
1180
1677
7721
9807
4352
4573
1452
7977
2406
9660
8238
9152
2959
2209
7920
7006
5141
6084
71
5358
7268
9585
286
7404
2
9976
1838
8610
527
6916
5564
2335
1605
4452
1743
290
6810
5576
9707
2766
9570
9832
3442
9135
257
9689
7603
1942
738
5956
6139
1615
6731
1829
3609
1113
782
1149
7965
8883
6629
6162
4347
2611
8290
8617
2627
2118
6106
8164
4557
980
9196
9912
8857
1328
3291
9500
8598
1961
9107
3606
1788
7796
6672
6009
8640
2594
9740
2155
325
9121
1269
9162
1866
1015
9591
6854
1254
3149
656
9669
1521
6932
637
6849
785
213
9529
4597
2089
7209
9983
7787
4010
4278
5426
9420
9204
6112
4787
4301
9915
74
2564
1890
6604
31
5463
7474
6063
7647
4550
7249
9350
5241
6677
4700
2968
9535
7592
2373
1141
6199
8157
3908
7225
3664
8737
5022
5350
7767
3836
864
7343
4889
240
7046
1584
3341
9137
3493
9175
8517
3454
4141
6520
5749
917
6502
9319
9002
862
461
851
9339
3026
3958
4747
1948
6264
6976
7870
2960
8140
2955
4944
4951
8137
4546
811
5303
244
4226
2603
4070
5372
9239
5980
3578
1590
4796
8041
2165
9189
4750
9703
4572
1976
3133
760
2238
6233
9432
2997
2190
7733
1266
9563
2941
8134
1209
2187
9499
2018
7190
697
6561
5324
8393
9905
277
5006
1783
1905
954
9625
4929
5653
653
8924
5433
2598
8936
2800
9039
4902
2575
7286
4771
1274
4142
7360
2299
898
9773
4186
4906
4042
8710
1102
6517
3757
5930
7770
1696
1907
1160
5608
2208
1391
8542
1174
3119
1596
6382
4919
7632
702
7882
7853
5769
5392
4887
6748
6209
4156
1600
2435
3157
1944
7252
4618
1984
382
9389
6982
776
8774
6636
6929
5265
5985
8198
675
9819
3025
3195
3884
3005
6304
2323
828
1419
6983
8476
5505
6563
8270
2069
2928
9384
9177
775
787
2180
8029
2336
7929
7447
1650
5855
5633
5170
6551
9941
3100
6627
3349
1687
9358
3129
4113
5693
9984
451
8412
1674
5778
8275
1385
8780
2077
5719
5756
7529
1079
1244
275
1778
9014
8799
4754
3769
2269
5897
7189
9772
7103
5883
5726
5353
1315
4532
7486
4888
3586
8117
2137
9806
3596
8871
5029
2864
3727
6823
3659
526
4357
8618
4476
1048
8830
9998
3756
3450
194
8817
1192
3581
3912
4913
5637
495
426
3621
978
2570
8088
2001
6795
3516
1027
5912
6350
385
8044
3538
7279
4942
627
3896
1573
5587
4672
8808
823
761
8535
7449
8369
4131
9771
7394
1063
2530
7393
7383
1016
9206
534
1199
5386
7168
4253
3426
9850
1494
5407
9595
8255
7562
4568
9681
7709
7738
6144
247
740
887
6925
987
6742
1739
1197
1812
9428
9580
1575
2946
6590
4652
2376
7234
2079
1056
4194
6594
7087
3339
4825
8779
6433
150
3821
6771
85
261
772
9241
2810
322
9469
469
590
5843
7584
1991
9038
4749
4791
8472
9575
6203
3811
3159
5220
2399
6252
969
3513
8065
8669
5017
3039
8801
8147
9525
4681
1773
2580
1760
6719
1852
1580
2869
3793
3430
5783
5292
3670
4497
8974
2839
7713
7525
7638
5948
7456
12
3981
5244
1179
316
7851
3960
3465
5692
7399
7730
3560
2962
3743
7945
6093
5844
6098
7481
9586
2257
3502
4165
4805
9459
2542
9122
4620
6568
2334
3015
6012
7828
4473
7069
3262
255
2654
2414
554
9085
3467
9869
3699
6710
2090
7053
4832
1146
3774
6381
3740
4479
9281
9937
6514
7314
7107
6537
9907
4560
7628
8152
5385
3003
9105
3770
6291
5364
4694
578
8856
1539
1036
804
3802
5255
5715
7442
7705
3259
9207
3814
9787
3702
9868
5915
4953
2551
5057
6201
2908
8452
3916
6757
6831
7245
6154
678
121
2790
835
753
3783
2391
5789
6102
6134
7505
6343
1325
4851
9886
409
487
399
9029
5375
2924
6086
110
5446
5775
1809
2909
1956
4974
9017
7405
3719
231
7699
2815
2003
7035
3628
9536
8749
3393
6317
3924
5845
1667
492
2146
6802
8677
6071
9248
6453
984
294
2474
1037
2693
2828
8897
3223
6953
9027
3276
8601
4298
8903
5554
5674
6032
1397
3847
3466
1879
539
7802
7900
1846
1676
8114
5746
2795
438
2356
6543
5320
7606
5798
838
9405
8012
7430
3248
9895
896
5661
3777
6020
1803
1275
3257
4097
8105
7197
3275
5457
5813
8076
6241
6318
4004
8211
3221
5113
8155
171
4583
5145
3143
4598
6310
2536
8082
7835
6538
1111
7563
5117
6428
8355
3631
3807
2156
8387
2206
4239
226
3418
3011
7153
1268
221
3805
8230
1902
5621
1922
7321
8463
5191
3564
8900
9095
8622
6213
5698
9463
2360
7312
52
1380
7814
4083
5808
2556
4920
3732
9531
2013
96
6326
4777
3710
7736
8251
5851
3734
5233
657
7090
8968
651
6857
783
8908
5597
7605
2865
2408
7478
2981
8740
9514
5164
1999
408
6956
1082
5552
9638
5853
76
4857
3977
766
2371
7732
5208
1157
8952
404
7620
3675
7325
7643
7261
5431
1568
1923
9649
8720
7893
2192
7886
8264
5580
6722
3167
4866
2706
2773
4601
2748
2998
4960
5791
3536
4262
8003
4786
5632
1875
5312
109
4145
2498
4910
5112
4788
8941
1011
7308
9083
4345
2655
465
8963
8863
5417
1515
6565
103
9991
4052
967
4764
1720
8300
2572
8577
6393
7671
3008
5830
7219
601
9380
3053
442
7779
6319
5298
3707
7691
5994
1540
6307
6478
6436
2264
9167
7956
217
5946
6725
2071
1446
1887
6456
7914
8159
3310
6367
3077
8929
219
8506
1717
4523
2774
7932
4036
6571
9481
8333
2513
1556
3243
9436
4371
5951
18
7969
8699
9016
4407
5185
9766
4686
4489
8356
4657
1710
8329
108
1354
5471
4924
8721
2786
6645
5459
4222
6161
8108
9311
6027
7130
4840
5304
9741
4698
3676
4018
1831
1900
122
5638
622
4931
7817
7193
1623
7334
2904
424
2906
9746
8612
5488
8789
794
6390
9327
3841
6464
3176
5481
1128
4242
5716
3085
4871
7163
4864
8389
4493
5479
6977
4933
3183
4527
9467
832
1517
996
5158
6679
5976
2803
41
8223
1574
5958
7110
5047
5260
4861
3791
4311
8862
2348
1017
9437
7407
2002
7990
2210
2535
5424
4103
1707
1579
10
4137
5428
7678
6286
2862
8225
9317
6962
7101
2771
4272
3539
3180
552
2353
4763
6764
4085
1000
62
2645
1653
5811
7114
2200
4370
3147
719
9071
9929
821
2472
2084
6268
7318
1631
9557
2100
905
7807
1736
2350
5045
3667
4490
236
1797
276
3888
9977
4815
3474
4659
7231
6948
9662
7731
7831
8880
7951
6895
4031
5541
3730
7415
5718
781
7258
4577
9213
4503
8351
5293
4282
6899
5553
2042
6794
298
2781
8246
5787
7182
1006
5103
5677
1286
8507
8650
2262
8283
7613
2754
6087
2132
258
3804
5605
6141
7212
7401
3208
1680
1723
1393
5179
4834
5423
3314
7649
8879
7250
9717
7669
7750
7531
882
1586
9094
5462
3063
2318
7490
1292
7554
822
6029
2846
8239
7876
9968
9511
566
4462
4607
2642
8335
2676
581
256
3548
6351
9659
8494
2286
8413
7794
9510
6076
4178
4343
7877
778
9355
7379
4522
1656
8378
4329
4529
4537
4472
6270
8000
8459
1486
8587
3937
4830
7111
3285
4446
2543
296
2648
7637
2730
4453
3165
6295
4187
5557
3348
710
3692
4790
2784
5722
5952
2066
8595
1267
5955
5799
1226
9387
7327
1734
5242
7716
9560
1745
7445
2703
7743
6583
7288
3304
4582
4303
3782
1891
7544
2237
2429
7132
6081
3632
6247
6549
7591
752
780
7092
9223
3733
3842
2424
2223
2249
5927
953
6781
6776
7345
2331
5588
6465
1825
9951
4323
9433
7455
528
6603
2149
5044
9314
3140
3108
4383
2743
4794
8849
5201
4609
4138
6504
3222
4300
7141
7717
8694
7065
2722
2664
8289
7623
9924
4017
2145
4748
5412
3920
9622
2289
5316
3512
7199
9655
1855
7201
2074
7448
6422
9352
1908
3716
2814
3776
4008
620
5339
7728
6951
288
8872
8539
4136
7428
573
211
5549
7178
6167
5001
3655
5622
3706
6801
2823
5181
6628
2425
319
9055
3831
1587
940
7222
4158
1818
508
3193
3128
7682
9415
4444
3414
251
6704
3448
6912
4812
6923
6010
6170
419
5818
7293
8890
8380
3592
8575
515
1135
2905
345
2633
6119
1086
5376
6399
4206
9846
1023
1511
3146
4291
8064
418
799
8465
2240
7454
8998
9522
2567
2110
7471
5037
2675
489
8565
1629
1834
6523
8104
6723
7561
4602
834
5662
4220
6949
25
5217
6934
6570
1412
9680
5380
8179
9194
8074
3049
3424
5248
6224
455
7812
1552
1331
3074
1903
8876
5381
5448
6202
2673
3848
8090
388
6400
8166
9554
1084
3398
6125
446
4976
5914
6861
2805
1376
5586
4935
6219
6491
4033
7023
3646
3615
7492
2039
4082
3571
1106
2903
4737
3027
1555
9182
1119
1692
6394
6439
7578
911
5067
7150
672
9988
5200
8240
8775
3523
2366
2835
7104
2896
7134
9611
5966
2668
9636
4559
2057
9132
3397
6386
2926
1947
7347
1158
6145
5348
7766
6702
3718
931
2276
3484
183
8501
68
1287
2503
9808
6302
4612
7666
4492
964
6562
6192
4914
1437
7299
4782
8484
9791
1434
2211
1360
4255
8020
640
9219
9553
3138
4436
2971
8919
9830
9282
3135
522
8657
2311
9148
523
6582
1526
844
8580
9872
7489
9133
648
339
5542
8631
8340
9534
9657
3745
1205
3906
6891
2352
4797
4619
858
6132
2015
2483
3696
5665
9396
3345
7355
3136
373
1962
229
1253
2915
8341
870
2617
3080
4221
7396
7786
9364
5305
9130
9902
9573
2618
7668
8633
6827
1456
5919
925
589
7491
4236
5151
9399
1211
9843
4643
8124
9900
5735
7088
9073
9712
8798
1291
8425
5168
3075
652
1127
2495
7749
1343
9990
5987
8169
4500
5484
676
4481
1124
268
1346
9985
8754
9491
2674
9372
956
372
7513
6996
9742
1660
4809
8552
4693
5406
1848
9257
190
8781
502
5795
4806
466
9550
7349
3148
1471
4972
468
1671
1614
6143
5615
209
4373
278
6986
1824
848
5246
6630
8374
6706
3091
3110
9274
4616
4050
1688
5734
5825
5950
4715
889
8079
4511
4885
2639
2101
9781
8294
2150
8419
4077
389
679
6064
5154
9179
1698
8641
9644
8056
7910
2313
7460
571
414
5370
4663
2883
9715
9957
2681
764
666
7615
3022
4973
9434
2012
8110
912
7739
6369
8347
756
9923
3961
7644
7256
2816
1945
3795
3879
3864
3406
6412
1787
6021
4646
4726
3270
6048
737
3618
6567
2891
8896
6736
1602
7911
6555
351
4994
6634
4743
6476
6858
3642
4722
1612
7609
3610
3188
4381
8399
6335
1316
5531
8638
4978
4093
8534
4707
3871
8047
8772
3383
123
4134
3260
9141
5404
3991
5005
1801
2112
8095
1550
9833
8268
4448
3638
7089
3477
1995
1270
7517
9230
3608
8368
1265
1170
6039
1507
5089
8899
6840
5575
6518
1583
981
7122
2092
2085
4697
7971
6835
939
7688
3469
2930
7715
9933
1345
274
2475
307
3529
9753
9780
1578
5228
5261
9371
2170
5420
8172
2283
1466
5425
4911
3551
1644
2552
6950
6499
8892
909
6815
4778
7148
3643
3425
3224
9785
5307
3540
2308
7616
2625
8186
284
9455
3301
3928
7784
5953
3019
1761
9935
3394
7734
7674
162
9079
7516
1892
9045
6640
3941
9548
932
400
1373
6789
3251
9418
5439
6852
5487
8014
7640
1479
8306
810
9333
7658
5645
9165
7242
5926
4673
5652
3109
157
7311
1726
6915
2129
7681
7044
4176
8455
4892
2516
9831
1640
1827
4530
2460
1796
7281
3633
8426
4336
8433
3846
5978
2824
295
6405
7564
8293
5064
8596
2478
3832
8171
2913
997
5295
5211
1455
9324
2225
1666
3174
5449
9926
3883
5869
9359
2267
2731
2086
3177
5772
3307
6028
2944
9730
7931
2432
7752
8334
6546
3534
6700
8302
445
3416
3601
9400
4603
5427
8707
4175
8722
2030
6833
6992
5993
3923
1395
4424
7710
3829
6887
2720
7137
6415
3032
3507
2799
1935
3781
1025
1966
5023
4516
2669
544
897
8167
9462
8096
4223
1217
8993
2778
5192
1959
2466
2732
6647
4069
1633
8984
1327
7871
6798
7811
