I?B~vrw}? PAIR C1=0,7,2,9,3,5,4,8 C2=0,5,2,8,3,7,4,9
I?bvvrw^? PAIR C1=0,7,1,5,2,6,3,8 C2=0,5,3,7,2,8,1,6
I?rvfrwN_ PAIR C1=0,7,1,5,2,6,3,8 C2=0,5,3,7,2,8,1,6
I?q~frw\_ PAIR C1=0,5,2,8,3,7,4,1,6 C2=0,4,5,3,6,2,7,1,8
I?q~fjw]_ PAIR C1=0,5,2,7,3,8,4,1,6 C2=0,4,5,3,6,2,8,1,7
I?q~ffw^? PAIR C1=0,5,2,7,3,8,4,1,6 C2=0,4,5,3,6,2,8,1,7
I?zVdzw\_ PAIR C1=0,6,3,8,2,4,1,5,7 C2=0,4,8,1,6,2,7,3,5
I?zVfe{^? PAIR C1=0,6,3,8,5,1,4,2,7 C2=0,4,8,2,6,1,7,3,5
ICRvTzw]_ PAIR C1=0,3,8,2,9,1,5,7,4,6 C2=0,5,3,9,4,8,1,6,2,7
ICRvRzwm_ PAIR C1=0,6,4,1,7,5,2,9,3,8 C2=0,5,3,7,2,6,1,8,4,9
ICrffp{N_ PAIR C1=0,6,2,5,8,3,9,4,7 C2=0,4,8,2,7,3,6,9,5
ICpvfq{Z_ PAIR C1=0,3,7,2,6,9,1,4,8 C2=0,4,9,2,8,3,6,1,7
ICpvfZwN_ PAIR C1=0,3,9,6,2,7,4,1,8 C2=0,4,9,2,8,3,6,1,7
ICpvbzwj_ PAIR C1=0,3,7,2,6,9,4,1,8 C2=0,4,7,1,6,3,8,2,9
ICpvbzkm_ PAIR C1=0,3,9,6,2,7,1,4,8 C2=0,4,7,3,6,1,8,2,9
ICpvTzw\_ PAIR C1=0,7,2,5,1,9,6,4,8 C2=0,4,7,5,9,2,8,1,6
ICpvTvs^? PAIR C1=0,3,9,2,7,6,4,1,8 C2=0,4,9,1,6,2,8,3,7
ICrvRpylO PAIR C1=0,6,2,7,4,8,1,5,3,9 C2=0,4,6,1,7,3,8,2,9,5
ICZevi{]_ PAIR C1=0,3,9,6,4,2,7,1,5,8 C2=0,5,7,3,8,2,9,4,1,6
ICZevd{n? PAIR C1=0,7,1,5,2,8,4,6,3,9 C2=0,5,8,3,7,2,9,4,1,6
ICZelzw]_ PAIR C1=0,6,3,9,1,5,2,8,4,7 C2=0,5,6,1,4,9,2,7,3,8
ICZbmzwm_ PAIR C1=0,8,4,7,1,5,2,6,3,9 C2=0,5,6,1,4,9,2,8,3,7
ICZVTt{|? PAIR C1=0,7,3,8,4,2,6,1,5,9 C2=0,5,3,9,2,8,1,4,7,6
ICZVRu{|? PAIR C1=0,3,7,1,6,2,4,8,5,9 C2=0,6,7,4,1,5,3,9,2,8
ICZNfq{\_ PAIR C1=0,3,7,1,6,9,2,4,5,8 C2=0,6,2,8,3,9,5,1,4,7
ICZNdzs]_ PAIR C1=0,5,4,2,7,3,6,9,1,8 C2=0,6,2,9,3,8,5,1,4,7
ICZLrzs{_ PAIR C1=0,3,6,9,2,7,4,5,1,8 C2=0,6,2,4,1,7,5,8,3,9
ICZJlvs}? PAIR C1=0,3,6,5,4,7,2,9,1,8 C2=0,5,8,2,4,1,6,7,3,9
ICXnezwl_ PAIR C1=0,3,7,4,5,9,2,6,1,8 C2=0,6,9,3,8,2,4,1,5,7
ICXmvrsl_ PAIR C1=0,8,1,4,6,3,7,2,5,9 C2=0,6,9,3,8,2,4,5,1,7
ICXmvjsm_ PAIR C1=0,8,1,7,3,6,4,5,2,9 C2=0,6,9,3,8,2,4,1,5,7
ICY^frsZ_ PAIR C1=0,5,8,1,9,2,4,7,3,6 C2=0,3,8,2,6,9,5,4,1,7
ICY^fjk]_ PAIR C1=0,5,3,6,1,8,4,2,7 C2=0,3,7,1,4,5,8,2,6
ICY^Vjs]_ PAIR C1=0,5,3,8,1,6,4,2,7 C2=0,3,7,1,4,5,8,2,6
ICY^Nrw\_ PAIR C1=0,5,3,7,2,4,8,1,6 C2=0,3,8,2,6,5,4,1,7
ICY^Njw]_ PAIR C1=0,5,3,7,2,4,8,1,6 C2=0,3,8,2,6,5,4,1,7
ICZ\vbpZ_ PAIR C1=0,5,3,7,8,1,9,2,4,6 C2=0,3,8,2,6,9,5,4,1,7
ICfvRrwXo PAIR C1=0,5,1,9,2,8,3,7,4,6 C2=0,3,5,2,6,9,7,1,8,4
ICxvFjYN_ PAIR C1=0,3,5,1,7,2,9,6,8,4 C2=0,6,2,5,9,4,1,8,3,7
ICxvExyl_ PAIR C1=0,3,5,1,7,4,8,2,9,6 C2=0,4,2,6,1,8,3,7,5,9
ICxvBzYl_ PAIR C1=0,3,5,1,4,7,2,9,6,8 C2=0,4,2,6,1,8,3,7,5,9
IEhf`~kv? PAIR C1=0,4,7,2,8,5,1,9,3,6 C2=0,3,7,5,9,4,2,6,1,8
IEhernkn? PAIR C1=0,4,8,2,9,5,7,1,3,6 C2=0,3,7,6,1,8,5,2,4,9
IEhbunkn? PAIR C1=0,4,8,2,6,3,9,5,1,7 C2=0,3,7,6,1,8,5,2,4,9
IEjdjrM]O PAIR C1=0,3,9,2,7,1,5,8,4 C2=0,5,2,4,9,7,3,1,8
IEhvFT]n? PAIR C1=0,3,9,2,4,7,1,5,8,6 C2=0,4,9,5,3,8,1,6,2,7
IEhvEtmn? PAIR C1=0,3,5,1,7,6,8,4,2,9 C2=0,4,7,3,9,5,2,8,1,6
IEhvBvMn? PAIR C1=0,6,1,7,4,8,5,3,9 C2=0,3,7,6,8,1,5,9,4
IEhuVquZ_ PAIR C1=0,7,4,2,9,6,1,3,5,8 C2=0,3,7,1,9,5,2,8,6,4
IEhuTzqZ_ PAIR C1=0,3,8,1,5,7,4,2,9,6 C2=0,4,6,8,2,5,9,1,3,7
IEhuRzqj_ PAIR C1=0,8,3,7,5,1,6,4,2,9 C2=0,3,1,7,4,9,5,2,8,6
IQhVe]{^? PAIR C1=0,4,8,5,3,9,2,6,1,7 C2=0,2,8,3,1,5,9,4,7,6
IQjRfqmV_ PAIR C1=1,5,9,3,7,2,4,8,6 C2=1,3,5,8,2,6,9,4,7
IQjRbzMm_ PAIR C1=0,4,2,7,5,1,6,3,9 C2=0,2,6,9,4,7,1,3,5
IQjRe\yn? PAIR C1=0,2,4,8,6,3,9,5,7 C2=0,5,3,8,2,6,7,4,9
IQjRd^[]_ PAIR C1=0,2,7,5,3,6,9,4,8 C2=0,4,7,6,2,9,3,8,5
IQjVRiyVO PAIR C1=0,2,8,6,4 C2=0,6,2,4,8
IQjVJqyVO PAIR C1=0,2,8,6,1,7,3,9,4 C2=0,6,2,4,7,9,1,3,8
IQjUjp{io PAIR C1=0,4,2,8,3,7,1,6,9 C2=0,2,7,9,4,8,1,3,6
IQjUjqm]O PAIR C1=0,5,1,6,3,9,4,7,2,8 C2=0,4,2,9,7,1,3,5,8,6
