H?zvfrs PAIR C1=0,4,7,1,5,2,8 C2=0,5,8,1,4,2,7
H?zvfrk PAIR C1=0,4,7,1,5,2,8 C2=0,5,8,1,4,2,7
H?zvfr[ PAIR C1=0,6,3,8,4,1,5,2,7 C2=0,5,3,7,4,2,6,1,8
H?zvfre PAIR C1=0,6,8,2,4,1,7 C2=0,4,7,2,6,1,8
H?zvfrM PAIR C1=0,6,8,4,2,5,1,7 C2=0,4,7,2,6,1,8,5
H?znfrq PAIR C1=0,6,8,1,4,2,7 C2=0,4,7,1,6,2,8
H?~vfbw PAIR C1=0,6,3,5,2,8,1,7 C2=0,5,1,6,2,7,3,8
H?~vfbk PAIR C1=0,6,3,5,2,8,4,1,7 C2=0,4,3,7,2,6,1,8,5
HCR^vrw PAIR C1=0,6,3,8,4,1,7 C2=0,3,7,4,6,1,8
HCruvp{ PAIR C1=0,4,8,3,5,1,7 C2=0,3,7,4,1,8,5
HCrrvp{ PAIR C1=0,4,8,3,5,1,7 C2=0,3,7,4,1,8,5
HCrrvre PAIR C1=0,3,6,4,7,1,8,2,5 C2=0,4,1,6,2,7,3,5,8
HCrrvrU PAIR C1=0,4,7,1,6,3,5,8 C2=0,5,1,4,6,8,3,7
HCrrvqm PAIR C1=0,7,1,4,6,3,5,8 C2=0,3,7,4,8,6,1,5
HCZfnrw PAIR C1=0,3,6,1,8,4,7,2,5 C2=0,6,5,1,4,2,8,3,7
HCZvfrw PAIR C1=0,5,3,8,1,6,2,4,7 C2=0,6,3,7,2,5,1,4,8
HCZvfrs PAIR C1=0,5,3,8,1,6,2,7 C2=0,6,3,7,1,5,2,8
HCZvfr[ PAIR C1=0,5,3,6,1,8,4,2,7 C2=0,6,2,5,1,4,7,3,8
HCZvfre PAIR C1=0,6,1,8,2,5,3,7 C2=0,3,6,2,7,1,5,8
HCZvfrU NOPAIR
HCZvfrM PAIR C1=0,3,5,8,1,7,4,2,6 C2=0,5,2,7,3,6,1,4,8
HCZvfpm PAIR C1=0,5,3,6,8,1,4,2,7 C2=0,3,7,4,8,2,5,1,6
HCZvfji PAIR C1=0,5,3,7,2,6,1,8 C2=0,3,6,8,2,5,1,7
HCZnfrw PAIR C1=0,5,2,6,3,8,1,4,7 C2=0,3,7,2,8,4,5,1,6
HCZnfrs PAIR C1=0,5,8,1,4,2,6,3,7 C2=0,3,8,2,7,4,5,1,6
HCZnfrq PAIR C1=0,5,2,4,1,8,6,3,7 C2=0,3,8,2,7,4,5,1,6
HCZnfri PAIR C1=0,5,2,6,8,4,1,7 C2=0,6,1,5,4,7,2,8
HCZnfre PAIR C1=0,5,8,6,2,4,1,7 C2=0,6,1,5,4,7,2,8
HCZnfpu PAIR C1=0,5,2,4,1,8,6,3,7 C2=0,3,8,2,7,4,5,1,6
HCZnfrM PAIR C1=0,5,8,6,2,4,1,7 C2=0,6,1,5,2,7,4,8
HCZnfq] PAIR C1=0,5,8,6,2,4,1,7 C2=0,6,1,5,2,7,4,8
HCZnfZq PAIR C1=0,6,8,2,5,4,1,7 C2=0,5,7,4,2,6,1,8
HCZ^frw PAIR C1=0,6,3,5,4,2,8,1,7 C2=0,3,8,4,7,2,6,1,5
HCZ^fr[ PAIR C1=0,7,3,5,4,1,8 C2=0,3,8,4,7,1,5
HCZ^fq{ PAIR C1=0,6,3,8,2,4,5,1,7 C2=0,3,7,2,6,1,4,8,5
HCZ^frq PAIR C1=0,6,3,5,4,1,7,2,8 C2=0,3,7,4,2,6,8,1,5
HCZ^frY PAIR C1=0,5,3,6,8,4,1,7 C2=0,6,1,5,4,7,3,8
HCZ^fre PAIR C1=0,6,3,5,4,1,7,2,8 C2=0,3,7,4,2,6,1,8,5
HCZ^frU NOPAIR
HCZ^frM PAIR C1=0,5,3,6,8,4,1,7 C2=0,3,7,4,5,8,1,6
HCZ^fqm PAIR C1=0,6,3,5,8,4,1,7 C2=0,3,7,4,5,1,6,8
HCzfbz[ PAIR C1=0,3,6,2,7,1,4,8,5 C2=0,6,1,5,2,4,7,3,8
HCzfbx{ PAIR C1=1,4,8,2,7,5 C2=1,7,4,2,5,8
HCzfbzq PAIR C1=0,3,7,5,1,8,2,6 C2=0,5,2,7,1,6,3,8
HCzfbzi PAIR C1=0,6,2,4,7,5,1,8 C2=0,4,8,6,1,7,2,5
HCzbvjw PAIR C1=0,7,5,1,4,2,8 C2=0,4,8,1,7,2,5
HCzbvjq PAIR C1=0,3,6,8,2,4,1,7,5 C2=0,4,6,1,5,2,7,3,8
HCzbvji PAIR C1=0,5,2,6,8,4,1,7 C2=0,4,6,1,5,7,2,8
HCzbvhy PAIR C1=0,5,1,4,2,8,6,3,7 C2=0,3,8,1,7,5,2,6,4
HCzbvhu PAIR C1=0,5,1,4,2,8,6,3,7 C2=0,3,8,1,7,5,2,6,4
HCzbvjM PAIR C1=0,5,8,6,1,4,2,7 C2=0,4,6,2,5,7,1,8
HCzbvhm NOPAIR
HCzbvi] PAIR C1=0,3,6,4,1,7,2,5,8 C2=0,5,1,6,2,4,8,3,7
HCxvfrs PAIR C1=0,4,7,2,5,1,6,3,8 C2=0,6,2,4,1,8,5,3,7
HCxvfr[ PAIR C1=0,4,7,2,5,1,6,3,8 C2=0,6,2,4,1,8,5,3,7
HCxvfrq PAIR C1=0,3,6,2,8,1,7,4 C2=0,6,1,4,2,7,3,8
HCxvfri PAIR C1=0,6,2,8,1,4,7 C2=0,4,2,7,1,6,8
HCxvfrY PAIR C1=0,3,6,1,8,4,7 C2=0,4,1,7,3,8,6
HCxvfpy PAIR C1=0,3,6,1,8,4,7 C2=0,4,1,7,3,8,6
HCxvfrU PAIR C1=0,3,6,1,8,5,2,4,7 C2=0,4,1,5,3,7,2,6,8
HCxvfp] PAIR C1=0,3,8,6,1,5,2,4,7 C2=0,4,1,8,5,3,7,2,6
HCxvfZk PAIR C1=1,4,7,2,8,5 C2=1,7,5,2,4,8
HCxvfZ[ PAIR C1=0,3,8,5,1,6,2,7,4 C2=0,6,3,5,2,4,8,1,7
HCxvfZq PAIR C1=0,3,8,6,2,5,1,7,4 C2=0,6,3,5,7,2,4,1,8
HCxvfZi PAIR C1=0,7,4,1,6,2,8 C2=0,4,2,7,1,8,6
HCxvfZY PAIR C1=0,6,3,8,4,1,5,2,7 C2=0,3,5,7,1,8,6,2,4
HCxvfZe PAIR C1=0,6,8,2,5,1,4,7 C2=0,4,2,6,1,7,5,8
HCxvez[ NOPAIR
HCxvey{ PAIR C1=0,7,4,1,5,3,6,2,8 C2=0,4,2,5,8,3,7,1,6
HCxvezi PAIR C1=0,7,4,1,5,3,6,2,8 C2=0,3,7,5,2,4,8,1,6
HCxvezY PAIR C1=0,6,3,8,1,4,7 C2=0,3,7,1,6,8,4
HCxvexy PAIR C1=0,6,3,8,1,4,7 C2=0,3,7,1,6,8,4
HCxvezM PAIR C1=0,6,3,5,8,1,4,7 C2=0,3,7,5,1,6,8,4
HCxvey] PAIR C1=0,6,3,5,8,4,1,7 C2=0,3,8,6,1,5,7,4
HCxvVjw PAIR C1=0,7,3,5,2,6,1,4,8 C2=0,3,8,1,5,7,2,4,6
HCxvVjk PAIR C1=0,4,8,5,2,6,1,7 C2=0,6,4,2,7,5,1,8
HCxvVji NOPAIR
HCxvVjY PAIR C1=0,3,8,6,2,5,7,1,4 C2=0,6,1,5,3,7,2,4,8
HCxvVjM PAIR C1=0,4,2,6,1,7,5,8 C2=0,6,8,4,1,5,2,7
HCxvVhm NOPAIR
HCxvVi] PAIR C1=0,7,5,1,6,2,4,8 C2=0,4,1,7,2,5,8,6
HCzvbrw PAIR C1=0,3,7,4,2,6,1,8 C2=0,4,1,7,2,8,3,6
HCzvbrs PAIR C1=0,3,7,4,2,6,1,8 C2=0,4,1,7,2,8,3,6
HCzvbrk PAIR C1=0,3,5,8,1,6,2,7,4 C2=0,6,3,7,1,5,2,4,8
HCzvbr[ PAIR C1=0,3,5,8,1,6,2,7,4 C2=0,6,3,7,1,5,2,4,8
HCzvbp{ PAIR C1=0,3,5,8,2,7,4,1,6 C2=0,4,8,1,7,3,6,2,5
HCzvbre PAIR C1=0,3,5,8,2,4,7,1,6 C2=0,4,1,8,6,3,7,2,5
HCzvbrU PAIR C1=0,3,5,8,1,7,4,2,6 C2=0,4,1,6,8,3,7,2,5
HCzvbq] PAIR C1=0,3,5,1,7,4,2,6,8 C2=0,5,2,7,3,8,4,1,6
HCzvbrX PAIR C1=0,3,5,1,7,4,2,6 C2=0,4,1,6,3,7,2,5
HCvbvjs PAIR C1=0,3,6,2,8,5,7,1,4 C2=0,5,2,7,3,4,6,1,8
HCvbvh{ PAIR C1=0,3,6,4,8,2,5,1,7 C2=0,4,3,7,2,6,1,8,5
HCvbvjq PAIR C1=0,4,6,1,5,2,8,3,7 C2=0,5,7,2,6,3,4,1,8
HCvbvji PAIR C1=0,3,7,1,5,2,8,6,4 C2=0,5,7,2,6,3,4,1,8
HCvbvjY NOPAIR
HCvbvjU PAIR C1=0,5,1,7,3,4,6,8 C2=0,4,1,6,3,8,5,7
HCvbvjM PAIR C1=0,5,1,7,3,4,6,8 C2=0,3,6,1,4,8,5,7
HCvbvim PAIR C1=0,5,1,7,3,4,6,8 C2=0,3,6,1,4,8,5,7
HCvbvh] PAIR C1=0,4,6,8,3,7,1,5 C2=0,3,6,1,4,8,5,7
HCvbvg} PAIR C1=0,4,6,8,3,7,1,5 C2=0,3,6,1,4,8,5,7
HCvbnrs PAIR C1=0,3,6,5,1,7,2,8 C2=0,5,2,6,1,8,3,7
HCvbnp{ PAIR C1=0,5,6,2,8,1,4,3,7 C2=0,3,6,1,7,2,5,8,4
HCvbnrU PAIR C1=0,7,1,4,3,6,5,8 C2=0,4,7,3,8,6,1,5
HCvbnrM PAIR C1=0,7,1,4,3,6,5,8 C2=0,3,7,4,8,6,1,5
HCvbnqm PAIR C1=0,7,1,4,3,6,5,8 C2=0,3,7,4,8,6,1,5
HCvbnq] PAIR C1=0,7,1,4,3,6,5,8 C2=0,3,7,4,8,6,1,5
HEhfvp{ PAIR C1=0,3,6,2,7,1,8,4 C2=0,6,1,3,8,2,4,7
HEhfvjk PAIR C1=0,3,6,2,5,7,1,8,4 C2=0,6,4,2,8,5,1,3,7
HEjfbzs PAIR C1=0,3,6,2,5,7,1,8 C2=0,5,8,2,7,3,1,6
HEjfbz[ PAIR C1=0,4,8,3,6,2,7,1,5 C2=0,3,7,4,2,5,8,1,6
HEjfbzq PAIR C1=0,6,2,5,7,1,3,8 C2=0,3,7,2,8,6,1,5
HEjfbzi PAIR C1=0,5,2,6,3,7,1,8 C2=0,3,1,5,7,2,8,6
HEjfbxy PAIR C1=0,4,7,3,8,1,6,2,5 C2=0,3,1,5,7,2,4,8,6
HEjfbze PAIR C1=0,5,2,6,3,7,1,8 C2=0,3,1,5,7,2,8,6
HEjfbzU NOPAIR
HEjfbyu PAIR C1=0,3,8,6,2,7,1,5 C2=0,6,1,3,7,5,2,8
HEjfbxu PAIR C1=1,5,8,3,6,2,7 C2=1,3,7,5,2,8,6
HEjfbzM PAIR C1=0,4,7,2,6,3,1,5,8 C2=0,3,7,5,2,4,8,1,6
HEjfby] PAIR C1=0,4,7,2,6,3,8,5 C2=0,3,7,5,2,4,8,6
HEjeuxm PAIR C1=0,4,7,1,3,6,8,5 C2=0,3,7,5,1,8,4,6
HEjerzw PAIR C1=0,4,6,1,3,8,2,7,5 C2=0,6,3,7,1,5,2,4,8
HEjerzk PAIR C1=0,3,7,5,2,8,1,6,4 C2=0,5,8,4,2,7,1,3,6
HEjerz[ PAIR C1=0,4,6,1,5,7,3,8 C2=0,5,8,4,7,1,3,6
HEjerzi PAIR C1=0,4,6,1,3,7,5,2,8 C2=0,3,6,8,4,2,7,1,5
HEjerzY NOPAIR
HEjeryy PAIR C1=0,4,6,3,1,5,7,2,8 C2=0,3,7,1,6,8,4,2,5
HEjerxy PAIR C1=0,3,8,2,7,5,1,6,4 C2=0,5,2,4,8,1,7,3,6
HEjerze PAIR C1=0,4,6,1,5,7,2,8 C2=0,5,2,4,7,1,8,6
HEjerzU NOPAIR
HEjerzM PAIR C1=0,3,1,6,4,7,5,8 C2=0,4,8,6,3,7,1,5
HEjery] PAIR C1=0,3,1,6,4,7,5,8 C2=0,4,8,6,3,7,1,5
HEjerw} PAIR C1=0,3,1,7,4,6,8,5 C2=0,4,8,3,7,5,1,6
HEjeq~k PAIR C1=0,4,6,7,5,1,8 C2=0,5,8,4,7,1,6
HEjbvrw PAIR C1=0,4,7,1,3,6,2,8 C2=0,3,8,1,6,4,2,7
HEjbvp{ PAIR C1=0,4,7,3,6,2,8,1,5 C2=0,3,1,6,4,8,5,2,7
HEjbvpy PAIR C1=1,3,8,2,6,4,7 C2=1,6,3,7,2,4,8
HEjbvre PAIR C1=0,4,6,2,5,8,1,3,7 C2=0,3,6,8,2,4,7,1,5
HEjbvqu PAIR C1=0,4,6,1,3,7,2,5,8 C2=0,3,6,8,2,4,7,1,5
HEjbvjs PAIR C1=0,5,1,7,3,8 C2=0,3,1,8,5,7
HEjbvj[ PAIR C1=0,5,1,7,3,8 C2=0,3,1,8,5,7
HEjbvi{ PAIR C1=0,4,2,6,1,5,8,3,7 C2=0,5,2,7,1,3,6,4,8
HEjbvji PAIR C1=0,3,7,5,1,8,6,2,4 C2=0,5,2,7,1,3,6,4,8
HEjbvhy PAIR C1=0,4,2,8,6,1,3,7,5 C2=0,3,6,4,8,1,5,2,7
HEjbviu PAIR C1=0,7,2,6,3,1,5,8 C2=0,3,7,1,6,8,2,5
HEjbvhu PAIR C1=1,3,6,8,5,2,7 C2=1,5,7,3,8,2,6
HEjbvhm PAIR C1=0,5,8,1,3,6,4,2,7 C2=0,3,7,5,1,6,2,8,4
HEjdnp{ PAIR C1=0,3,1,8,4,7,2,5,6 C2=0,4,2,6,3,8,5,1,7
HEirvZk PAIR C1=0,7,2,5,3,1,6,4,8 C2=0,3,6,2,4,7,1,8,5
HEirvY{ PAIR C1=0,7,5,2,4,8 C2=0,4,7,2,8,5
HEirvZq PAIR C1=0,5,3,8,1,6,2,4,7 C2=0,4,6,3,1,7,5,2,8
HEirvYy PAIR C1=0,3,5,2,6,8,4,7 C2=0,4,6,3,8,2,7,5
HEhvVrw PAIR C1=0,3,8,4,2,7,1,6 C2=0,4,6,2,8,1,3,7
HEhvVrk PAIR C1=0,3,5,2,8,4,7,1,6 C2=0,4,6,2,7,3,1,5,8
HEhvVrq PAIR C1=0,3,8,2,4,7,1,6 C2=0,4,6,2,7,3,1,8
HEhvVrY PAIR C1=0,3,8,6,1,7,4 C2=0,6,4,8,1,3,7
HEhvVpy PAIR C1=0,3,8,6,1,7,4 C2=0,6,4,8,1,3,7
HEhvVre PAIR C1=0,3,5,8,6,1,7,2,4 C2=0,6,4,7,3,1,5,2,8
HEhvVqu PAIR C1=0,3,5,8,6,1,7,2,4 C2=0,6,4,7,3,1,5,2,8
HEhvVpu PAIR C1=0,3,5,1,6,8,2,7,4 C2=0,6,4,2,5,8,1,3,7
HEhvVp] PAIR C1=0,3,5,1,6,8,4,2,7 C2=0,4,7,3,1,8,5,2,6
HEhvVjw PAIR C1=0,4,8,3,5,1,6,2,7 C2=0,6,4,2,5,7,3,1,8
HEhvVjs NOPAIR
HEhvVjq PAIR C1=0,7,1,3,5,2,6,8 C2=0,3,8,2,7,5,1,6
HEhvVji PAIR C1=0,7,2,5,3,1,6,8 C2=0,3,7,5,1,8,2,6
HEhvViy PAIR C1=0,7,1,3,5,2,6,8 C2=0,3,8,2,7,5,1,6
HEhvVhy PAIR C1=0,4,8,6,2,5,3,1,7 C2=0,3,8,1,5,7,2,4,6
HEhvViu PAIR C1=0,7,1,3,5,2,6,8 C2=0,3,8,2,7,5,1,6
HEhvVi] PAIR C1=0,4,8,6,2,5,3,7 C2=0,3,8,5,7,2,4,6
HEhvUzk PAIR C1=0,4,7,5,3,1,6,2,8 C2=0,3,7,1,8,5,2,4,6
HEhvUzY PAIR C1=0,4,6,1,8,3,7 C2=0,3,1,7,4,8,6
HEhvUxy PAIR C1=0,4,6,1,8,3,7 C2=0,3,1,7,4,8,6
HEhvUze PAIR C1=0,4,6,2,8,5,1,3,7 C2=0,3,5,2,4,7,1,8,6
HEhvUyu PAIR C1=0,4,6,2,8,3,5,7 C2=0,3,7,4,2,5,8,6
HEhvUzM PAIR C1=0,6,4,8,1,5,3,7 C2=0,3,1,6,8,5,7,4
HEhvUw} PAIR C1=0,6,4,8,3,5,1,7 C2=0,3,1,6,8,5,7,4
HEhvTzs PAIR C1=0,3,5,1,8,2,7,4,6 C2=0,4,2,6,1,3,8,5,7
HEhvTy{ NOPAIR
HEhvTzq PAIR C1=0,4,2,6,1,8,3,5,7 C2=0,3,1,5,2,7,4,6,8
HEhvTyu PAIR C1=0,4,2,6,8,5,3,7 C2=0,3,8,2,5,7,4,6
HEhvTx] PAIR C1=0,4,2,6,8,3,5,7 C2=0,3,7,2,5,8,4,6
HEhuvZw PAIR C1=0,4,2,8,3,5,7,1,6 C2=0,3,6,4,8,1,5,2,7
HEhuvZs PAIR C1=0,4,2,7,5,3,8,1,6 C2=0,3,6,4,7,1,5,2,8
HEhuvZk PAIR C1=0,4,7,2,8,5,3,1,6 C2=0,3,6,4,2,5,7,1,8
HEhuvZ[ PAIR C1=0,4,7,1,8,5,3,6 C2=0,3,8,4,6,1,5,7
HEhuvZY NOPAIR
HEhuvXy PAIR C1=0,4,2,7,5,1,8,3,6 C2=0,3,5,2,8,4,6,1,7
HEhuvY] PAIR C1=0,4,7,5,1,3,8,6 C2=0,3,5,8,4,6,1,7
HEhuvW} PAIR C1=0,4,7,5,1,3,8,6 C2=0,3,5,8,4,6,1,7
HEhutxm PAIR C1=0,3,7,5,1,8,6,4 C2=0,6,1,3,5,8,4,7
HEhurym PAIR C1=0,3,1,5,7,4,6,8 C2=0,4,8,5,3,7,1,6
HEhtvZw PAIR C1=0,7,2,4,6,3,5,1,8 C2=0,4,8,3,1,7,5,2,6
HEhtvZk PAIR C1=0,7,2,4,6,3,5,1,8 C2=0,3,1,7,4,8,5,2,6
HEhtvY{ PAIR C1=0,7,2,4,6,3,5,8 C2=0,3,8,4,7,5,2,6
HEhtvZq PAIR C1=0,7,1,5,3,6,4,2,8 C2=0,3,1,8,6,2,5,7,4
HEhtvXy PAIR C1=1,5,7,2,4,6,3,8 C2=1,3,5,2,6,8,4,7
HEhtvZe PAIR C1=0,3,6,4,2,8,1,5,7 C2=0,4,7,1,3,5,2,6,8
HEhtvYu PAIR C1=0,3,8,6,4,2,5,7 C2=0,4,7,2,6,3,5,8
HEhtvX] PAIR C1=1,7,5,3,6,2,4,8 C2=1,3,8,6,4,7,2,5
HEhtvW} PAIR C1=0,4,2,6,3,8,5,7 C2=0,3,5,2,7,4,8,6
HEhtt^s PAIR C1=0,4,2,5,7,6,3,8 C2=0,3,5,8,2,7,4,6
HEhrvZw PAIR C1=0,7,4,2,6,3,5,1,8 C2=0,3,8,2,5,7,1,6,4
HEhrvZq PAIR C1=0,7,4,2,6,3,5,1,8 C2=0,3,8,2,5,7,1,6,4
HEhrvXy PAIR C1=1,5,3,6,8,4,2,7 C2=1,3,8,2,5,7,4,6
HEhrvYu PAIR C1=0,4,2,6,8,3,5,1,7 C2=0,3,1,6,4,7,5,2,8
HEhrvXu NOPAIR
HEhrvY] PAIR C1=0,4,8,5,3,6,1,7 C2=0,3,1,5,7,4,6,8
HEhrvX] PAIR C1=1,6,2,4,8,5,7 C2=1,5,2,7,4,6,8
HEhtnrk PAIR C1=0,3,1,7,2,8,5,6 C2=0,7,3,6,2,5,1,8
HEnfbZw PAIR C1=0,5,2,7,1,6,3,4,8 C2=0,3,8,1,5,7,4,2,6
HEnfbZs PAIR C1=0,4,3,6,1,7,2,5 C2=0,3,1,5,7,4,2,6
HEnfbZk PAIR C1=0,4,3,6,1,7,2,5 C2=0,3,1,5,7,4,2,6
HEnfbZ[ PAIR C1=0,4,3,6,1,7,2,5 C2=0,3,1,5,7,4,2,6
HEnfbY{ PAIR C1=0,4,3,6,1,7,2,5 C2=0,3,1,5,7,4,2,6
HEnfbX{ PAIR C1=0,4,3,6,1,7,2,5 C2=0,3,1,5,7,4,2,6
HEnfbZq PAIR C1=0,4,3,6,1,7,2,5 C2=0,3,1,5,7,4,2,6
HEnfbZY PAIR C1=0,4,3,6,1,7,2,5 C2=0,3,1,5,7,4,2,6
HEnfbYy PAIR C1=0,4,3,6,1,7,2,5 C2=0,3,1,5,7,4,2,6
HEnfbZe PAIR C1=0,4,3,6,1,7,2,5 C2=0,3,1,5,7,4,2,6
HEnfbYu PAIR C1=0,4,3,6,1,7,2,5 C2=0,3,1,5,7,4,2,6
HEnfbZp PAIR C1=0,4,3,6,1,7,2,5 C2=0,3,1,5,7,4,2,6
HEnfbZX PAIR C1=0,4,3,6,1,7,2,5 C2=0,3,1,5,7,4,2,6
HEnfbYx PAIR C1=0,4,3,6,1,7,2,5 C2=0,3,1,5,7,4,2,6
HEnfbZT PAIR C1=0,4,3,6,1,7,2,5 C2=0,3,1,5,7,4,2,6
HEnfbYt PAIR C1=0,4,3,6,1,7,2,5 C2=0,3,1,5,7,4,2,6
HEnfbXt PAIR C1=0,4,3,6,1,7,2,5 C2=0,3,1,5,7,4,2,6
HEnbvJw PAIR C1=0,5,1,6,3,4,2,7 C2=0,3,1,7,5,2,6,4
HEnbvJs PAIR C1=0,5,1,6,3,4,2,7 C2=0,3,1,7,5,2,6,4
HEnbvJ[ PAIR C1=0,5,1,6,3,4,2,7 C2=0,3,1,7,5,2,6,4
HEnbvH{ PAIR C1=0,5,1,6,3,4,2,7 C2=0,3,1,7,5,2,6,4
HEnbvJY PAIR C1=0,5,1,6,3,4,2,7 C2=0,3,1,7,5,2,6,4
HEnbvI] PAIR C1=0,5,1,6,3,4,2,7 C2=0,3,1,7,5,2,6,4
HEnbvJd PAIR C1=0,5,1,6,3,4,2,7 C2=0,3,1,7,5,2,6,4
HEnbvJT PAIR C1=0,5,1,6,3,4,2,7 C2=0,3,1,7,5,2,6,4
HEnbvIt PAIR C1=0,5,1,6,3,4,2,7 C2=0,3,1,7,5,2,6,4
HEnbvI\ PAIR C1=0,5,1,6,3,4,2,7 C2=0,3,1,7,5,2,6,4
HEnbvH\ PAIR C1=0,5,1,6,3,4,2,7 C2=0,3,1,7,5,2,6,4
HEnbvG^ PAIR C1=0,5,1,6,3,4,2,7 C2=0,3,1,7,5,2,6,4
HQjVbzw PAIR C1=0,5,1,6,3,7,4,2,8 C2=0,4,8,1,3,5,7,2,6
HQjVbzq PAIR C1=0,5,1,7,3,6,2,8 C2=0,2,7,5,3,8,1,6
HQjVbzY PAIR C1=0,2,6,1,8,3,7,4 C2=0,6,3,1,7,2,4,8
HQjVbze PAIR C1=0,2,6,8,1,7,3,5 C2=0,6,3,1,5,7,2,8
HQjVbzM PAIR C1=0,2,6,1,8,4,7,3,5 C2=0,4,2,7,5,1,3,6,8
HQjVbym PAIR C1=0,2,7,4,8,6,1,3,5 C2=0,4,2,6,3,7,1,5,8
HQjVbxm PAIR C1=0,2,7,4,8,6,1,3,5 C2=0,4,2,8,5,1,7,3,6
HQjVRzw PAIR C1=0,5,3,1,8,4,7,2,6 C2=0,2,4,6,1,5,7,3,8
HQjVRzk PAIR C1=0,5,1,8,4,7,2,6 C2=0,2,4,6,1,7,5,8
HQjVRx{ PAIR C1=0,2,6,1,7,5,3,8,4 C2=0,5,8,1,3,7,2,4,6
HQjVRzq PAIR C1=0,4,2,6,1,5,7,3,8 C2=0,2,7,4,6,8,1,3,5
HQjVRzi PAIR C1=0,2,6,8,4 C2=0,6,4,2,8
HQjVRze PAIR C1=0,4,7,5,1,6,2,8 C2=0,5,8,1,7,2,4,6
HQjVRzU PAIR C1=0,2,6,4,7,5,1,8 C2=0,4,2,7,1,6,8,5
HQjRvrw PAIR C1=0,4,6,2,8,3,1,7 C2=0,2,4,7,3,6,1,8
HQjRvp{ PAIR C1=1,3,8,2,6,4,7 C2=1,6,3,7,2,4,8
HQjRvrq PAIR C1=0,2,6,4,7,1,3,8 C2=0,4,2,8,1,6,3,7
HQjRvpy PAIR C1=1,3,8,4,6,2,7 C2=1,6,3,7,4,2,8
HQjRvre PAIR C1=0,4,6,1,5,3,7,2,8 C2=0,5,8,1,3,6,2,4,7
HQjRvpu PAIR C1=0,4,7,1,8,2,6,3,5 C2=0,2,4,6,8,5,1,3,7
HQjRvjw PAIR C1=0,2,7,1,8,3,6,4 C2=0,7,3,1,6,2,4,8
HQjRvjk PAIR C1=0,4,8,2,6,1,7,3,5 C2=0,7,2,4,6,3,1,5,8
HQjRvjq PAIR C1=0,7,2,6,3,5,1,8 C2=0,2,8,6,1,3,7,5
HQjRvji PAIR C1=0,7,2,6,3,5,1,8 C2=0,2,8,6,1,3,7,5
HQjRvjY PAIR C1=0,4,6,2,7,3,5,1,8 C2=0,2,4,8,6,3,1,7,5
HQjRvhy PAIR C1=0,4,6,2,7,3,8,1,5 C2=0,2,4,8,6,1,3,5,7
HQjRvje PAIR C1=0,5,3,7,2,6,1,8 C2=0,2,8,6,3,1,5,7
HQjRvjU NOPAIR
HQjRvjM PAIR C1=0,2,6,1,3,7,5,8,4 C2=0,7,2,4,6,3,5,1,8
HQjRvhm PAIR C1=0,2,6,1,3,7,5,8,4 C2=0,5,3,6,4,2,8,1,7
HQjVNp{ PAIR C1=0,2,7,3,8,1,6,5 C2=0,6,2,8,5,3,1,7
HQzTrjw PAIR C1=0,2,8,1,4,6,3,7,5 C2=0,4,8,3,5,1,7,2,6
HQzTrjk PAIR C1=0,2,8,1,4,6,3,7,5 C2=0,4,8,5,3,1,7,2,6
HQzTrji PAIR C1=0,2,8,6,3,5,7,1,4 C2=0,5,1,3,7,2,6,4,8
HQyurjw PAIR C1=0,2,8,4,1,7,5,3,6 C2=0,4,6,1,8,3,7,2,5
HQyurjk PAIR C1=0,2,4,1,7,5,3,6 C2=0,4,6,1,3,7,2,5
HQyurj[ PAIR C1=0,2,4,1,7,5,3,6 C2=0,4,6,1,3,7,2,5
HQyurji PAIR C1=0,2,4,1,7,5,3,6 C2=0,4,6,1,3,7,2,5
HQyurjU PAIR C1=0,2,4,1,7,5,3,6 C2=0,4,6,1,3,7,2,5
