H?~vfrs PAIR C1=1,4,3,7,2,8,5 C2=1,7,4,2,5,3,8
HCZvvrw PAIR C1=0,6,3,5,2,8,1,7 C2=0,5,1,6,2,7,3,8
HCZvvrs PAIR C1=0,6,3,5,2,8,1,7 C2=0,5,1,6,2,7,3,8
HCxvvjw PAIR C1=0,4,6,3,5,2,8,1,7 C2=0,6,2,4,1,5,7,3,8
HCx~frs PAIR C1=0,3,6,1,8,2,7,4 C2=0,6,2,4,1,7,3,8
HCx~ffw PAIR C1=0,3,6,2,8,4,1,7 C2=0,4,2,7,3,8,1,6
HEjfrzw PAIR C1=0,5,2,6,1,3,7,4,8 C2=0,4,2,7,5,1,8,3,6
HEhvvZw PAIR C1=0,3,5,2,6,1,7,4,8 C2=0,4,2,7,5,1,8,3,6
HEhvvZs PAIR C1=0,4,7,5,2,6,3,1,8 C2=0,3,8,5,1,7,2,4,6
HEh~fZw PAIR C1=0,4,7,1,3,5,2,8 C2=0,3,8,1,5,4,2,7
HEh~fZi PAIR C1=0,4,7,5,3,1,6,2,8 C2=0,3,6,8,1,5,4,2,7
HEh~fXy PAIR C1=0,4,7,5,2,8,3,1,6 C2=0,3,6,8,1,5,4,2,7
HEh~fVw PAIR C1=0,4,7,1,6,3,5,2,8 C2=0,3,8,1,5,4,2,6,7
HEnffXm PAIR C1=0,3,4,7,5,2,8,1,6 C2=0,4,2,7,1,3,6,8,5
HEnfbzk PAIR C1=0,6,1,3,4,7,5,2,8 C2=0,4,2,6,3,7,1,8,5
HQjVrzw PAIR C1=0,6,3,1,5,7,4,2,8 C2=0,4,6,2,7,1,8,3,5
HQjuvpu PAIR C1=0,4,7,1,5,2,8,3,6 C2=0,5,3,1,8,6,4,2,7
HQjurzw PAIR C1=0,4,7,1,5,2,8,3,6 C2=0,5,3,7,2,4,6,1,8
HQjurzq PAIR C1=0,4,7,1,5,2,8,3,6 C2=0,5,3,7,2,4,6,1,8
HQjurzY PAIR C1=0,2,5,3,8,1,7,4 C2=0,5,1,3,7,2,4,8
HQzTvh{ PAIR C1=0,2,6,3,5,7,1,4 C2=0,5,1,3,7,2,4,6
HQzTvhy PAIR C1=0,2,6,3,5,7,1,4 C2=0,5,1,3,7,2,4,6
HQyvex{ PAIR C1=0,2,6,1,8,3,5,7,4 C2=0,5,8,2,4,1,7,3,6
HQyvexm PAIR C1=0,2,5,7,3,6,1,4 C2=0,5,3,1,7,4,2,6
HQyvex] PAIR C1=0,2,5,7,3,6,1,4 C2=0,5,3,1,7,4,2,6
HQyuvh{ PAIR C1=0,2,5,7,3,6,1,4 C2=0,5,3,1,7,2,4,6
HQyuvhu PAIR C1=0,2,5,7,3,6,1,4 C2=0,5,3,1,7,2,4,6
HQyurzU PAIR C1=0,2,5,7,3,6,1,4 C2=0,5,3,1,7,2,4,6
