I?Bvvrw}? PAIR C1=1,6,4,8,2,7,3,9 C2=1,7,4,9,2,6,3,8
I?`vvrw}? PAIR C1=1,6,4,8,2,7,3,9 C2=1,7,4,9,2,6,3,8
I?`vvrw|? PAIR C1=0,6,4,7,1,5,2,8,3,9 C2=0,4,8,1,6,2,9,5,3,7
I?bvVrw^? PAIR C1=0,5,1,7,2,8,3,9,4,6 C2=0,4,8,1,6,2,9,5,3,7
I?brvrw}? PAIR C1=0,8,4,7,2,6,3,5,1,9 C2=0,5,2,8,3,9,4,6,1,7
I?brvrw|? PAIR C1=0,8,2,7,3,5,1,9 C2=0,5,2,9,3,8,1,7
I?brvrwz? PAIR C1=0,7,3,5,2,8,4,6,1,9 C2=0,5,1,7,4,9,2,6,3,8
I?brvrw^? PAIR C1=1,6,4,8,2,7,3,9 C2=1,7,4,9,2,6,3,8
I?brvrwx_ PAIR C1=0,5,3,8,1,7,2,6,9 C2=0,7,3,6,1,5,9,2,8
I?ovvrs}? PAIR C1=0,6,2,7,3,8,1,9 C2=0,7,1,6,3,9,2,8
I?ovvrs|? PAIR C1=0,6,2,7,3,8,1,9 C2=0,7,1,6,3,9,2,8
I?qvfrwN_ PAIR C1=0,6,2,9,5,3,7,4,1,8 C2=0,5,2,8,4,9,3,6,1,7
I?qvdzw]_ PAIR C1=0,6,2,5,7,3,9,1,4,8 C2=0,5,3,6,1,8,2,9,4,7
I?qvbzwn? PAIR C1=0,6,2,5,3,7,1,8,4,9 C2=0,5,7,4,1,6,3,9,2,8
I?qvbzw^? PAIR C1=0,4,8,1,9,5,3,7,2,6 C2=0,5,7,4,1,6,3,9,2,8
I?qvbzw{_ PAIR C1=0,4,8,1,7,3,5,2,6,9 C2=0,5,7,4,1,6,3,9,2,8
I?qvbzwy_ PAIR C1=0,6,2,5,3,8,4,7,1,9 C2=0,5,7,3,6,1,4,9,2,8
I?qvbzwm_ PAIR C1=0,4,7,1,8,3,5,2,6,9 C2=0,5,7,3,6,1,4,9,2,8
I?qvbzw]_ PAIR C1=0,4,7,2,5,3,8,1,9,6 C2=0,5,7,3,6,1,4,9,2,8
I?qvbzwx_ PAIR C1=0,4,7,1,8,2,5,9 C2=0,5,7,2,9,1,4,8
I?qvbzwl_ PAIR C1=0,4,7,2,6,1,8,3,5,9 C2=0,5,2,9,6,3,7,1,4,8
I?qvbzw\_ PAIR C1=0,4,7,2,8,3,5,9,1,6 C2=0,5,2,9,6,3,7,1,4,8
I?qvbzwj_ PAIR C1=0,4,9,5,3,8,2,7,1,6 C2=0,5,2,9,6,3,7,4,1,8
I?qvbzs{_ PAIR C1=0,6,3,5,7,2,8,1,9 C2=0,5,2,9,6,1,7,3,8
I?qvbx{]_ PAIR C1=1,7,2,6,3,9,4,8 C2=1,4,7,3,8,2,9,6
I?qrvrw{_ PAIR C1=1,7,2,9,3,6,4,8 C2=1,4,7,3,8,2,6,9
I?qrvrwl_ PAIR C1=0,4,7,1,8,2,6,3,5,9 C2=0,5,2,9,6,1,4,8,3,7
I?qrvjw}? PAIR C1=0,4,9,3,6,1,7,2,8 C2=0,7,3,8,1,4,6,2,9
I?qrvjwz? PAIR C1=0,5,3,7,2,9,1,6,4,8 C2=0,7,5,2,6,3,8,1,4,9
I?qrvjw^? PAIR C1=0,4,8,1,6,2,9,3,5,7 C2=0,5,2,7,1,9,4,6,3,8
I?qrvjw{_ PAIR C1=0,4,6,1,8,2,9,3,5,7 C2=0,5,2,7,3,6,9,1,4,8
I?qrvjwy_ PAIR C1=0,4,9,2,6,1,7,5,3,8 C2=0,5,2,7,3,6,4,8,1,9
I?qrvjwm_ PAIR C1=0,4,9,2,6,1,7,5,3,8 C2=0,5,2,8,1,4,6,9,3,7
I?qrvjw]_ PAIR C1=0,4,9,2,6,1,7,5,3,8 C2=0,5,2,8,1,4,6,9,3,7
I?qrvjwx_ PAIR C1=0,4,1,6,9,2,8,3,7,5 C2=0,8,4,6,3,5,2,7,1,9
I?qrvjw\_ PAIR C1=0,4,1,6,9,2,8,3,7,5 C2=0,7,1,9,3,5,2,6,4,8
I?qrvjwZ_ PAIR C1=0,4,9,6,1,7,5,3,8 C2=0,5,9,1,8,4,6,3,7
I?qrvjwN_ PAIR C1=1,4,8,3,5,7,2,9,6 C2=1,7,3,6,4,9,5,2,8
I?qrvjs{_ PAIR C1=0,5,7,1,6,2,8,3,9 C2=0,7,2,5,3,6,9,1,8
I?qrvi{m_ PAIR C1=0,4,6,2,7,5,8,3,9 C2=0,5,2,8,4,9,6,3,7
I?qrnrw}? PAIR C1=0,5,3,9,4,7,1,6,2,8 C2=0,4,8,1,9,2,5,6,3,7
I?qrnrw|? PAIR C1=0,8,2,6,1,4,7,3,5,9 C2=0,4,8,1,9,3,6,5,2,7
I?qrnrwn? PAIR C1=0,7,4,1,6,2,9,5,3,8 C2=0,4,8,1,7,2,5,6,3,9
I?qrnrw^? PAIR C1=0,5,9,1,4,7,3,6,2,8 C2=0,4,8,3,9,2,5,6,1,7
I?qrnrwx_ PAIR C1=0,5,3,7,2,6,9,1,4,8 C2=0,4,7,1,8,3,6,5,2,9
I?qrnrwl_ PAIR C1=0,5,9,3,7,2,6,1,4,8 C2=0,4,7,1,8,3,6,5,2,9
I?qrnjw{_ PAIR C1=0,5,7,3,9,1,6,2,8 C2=0,7,1,8,3,6,5,2,9
I?o~frs}? PAIR C1=0,6,3,9,2,8,1,7 C2=0,8,3,7,2,6,1,9
I?o~frsz? PAIR C1=0,6,2,7,3,8,5,4,1,9 C2=0,4,7,1,6,3,5,9,2,8
I?o~frs{_ PAIR C1=0,4,1,8,5,2,7,3,9,6 C2=0,8,3,5,4,7,1,6,2,9
I?o~frsy_ PAIR C1=0,4,9,1,8,5,2,7,3,6 C2=0,8,3,5,4,7,1,6,2,9
I?o~frsm_ PAIR C1=0,4,1,8,5,2,7,3,9,6 C2=0,8,3,5,4,7,1,6,2,9
I?o~frsj_ PAIR C1=0,4,1,8,2,5,9,6,3,7 C2=0,8,3,5,4,7,1,6,2,9
I?o~ffw}? PAIR C1=0,6,3,7,2,9,1,8 C2=0,7,1,6,2,8,3,9
I?rvdrw^? PAIR C1=0,4,9,1,8,2,7,3,6 C2=0,7,4,1,6,2,9,3,8
I?rvdrw\_ PAIR C1=0,5,1,4,8,2,9,6,3,7 C2=0,4,7,2,6,1,9,5,3,8
I?rvdrwN_ PAIR C1=0,5,3,7,4,9,2,6,1,8 C2=0,4,1,5,9,6,3,8,2,7
I?rvdrw\O PAIR C1=0,5,3,7,9,1,4,8,2,6 C2=0,4,7,2,9,5,1,6,3,8
I?rvdrwZO PAIR C1=0,5,3,7,9,1,4,8,2,6 C2=0,4,7,2,9,5,1,6,3,8
I?rvdp{y_ PAIR C1=0,6,1,4,8,2,5,3,7 C2=0,4,7,2,6,3,8,1,5
I?rvdp{m_ PAIR C1=0,6,1,4,8,2,5,3,7 C2=0,4,7,2,6,3,8,1,5
I?rvdp{]_ PAIR C1=0,6,1,4,8,2,5,3,7 C2=0,4,7,2,6,3,8,1,5
I?rvdp{{O PAIR C1=0,6,1,4,8,2,5,3,7 C2=0,4,7,2,6,3,8,1,5
I?rvdp{yO PAIR C1=0,6,1,4,8,2,5,3,7 C2=0,4,7,2,6,3,8,1,5
I?rvdp{mO PAIR C1=0,6,1,4,8,2,5,3,7 C2=0,4,7,2,6,3,8,1,5
I?rvdp{wo PAIR C1=0,6,1,4,8,2,5,3,7 C2=0,4,7,2,6,3,8,1,5
I?rvdpx}? PAIR C1=0,6,1,4,8,2,5,3,7 C2=0,4,7,2,6,3,8,1,5
I?rvdpx|? PAIR C1=0,6,1,4,8,2,5,3,7 C2=0,4,7,2,6,3,8,1,5
I?rvdpxn? PAIR C1=0,6,1,4,8,2,5,3,7 C2=0,4,7,2,6,3,8,1,5
I?rvdpxx_ PAIR C1=0,6,1,4,8,2,5,3,7 C2=0,4,7,2,6,3,8,1,5
I?qzvbp|? PAIR C1=0,8,7,3,5,2,9 C2=0,5,9,3,8,2,7
I?qzvbp^? PAIR C1=0,4,5,2,9,1,7,8 C2=0,5,9,4,1,8,2,7
I?zTfrsN_ PAIR C1=0,4,9,2,7,3,5,8 C2=0,5,9,3,8,2,4,7
I?zTfpu}? PAIR C1=0,4,2,9,1,8,5,3,7 C2=0,5,1,4,7,2,8,3,9
I?zTfpuv? PAIR C1=0,5,3,7,1,9,4,2,8,6 C2=0,4,7,2,6,3,8,1,5,9
I?zTfpun? PAIR C1=0,5,3,7,1,4,9,2,8,6 C2=0,4,7,2,6,3,8,1,5,9
I?zTfpu^? PAIR C1=0,5,3,7,4,1,9,2,8,6 C2=0,4,9,5,1,8,3,6,2,7
I?zTfpux_ PAIR C1=0,5,3,7,1,9,2,8,6 C2=0,7,2,6,3,8,1,5,9
I?zTfput_ PAIR C1=0,6,9,1,4,2,8,5,3,7 C2=0,4,7,2,6,3,8,1,5,9
I?zTfpu\_ PAIR C1=0,6,9,1,4,2,8,5,3,7 C2=0,4,7,1,8,3,6,2,9,5
I?zTfZq\_ PAIR C1=0,5,9,2,7,1,8,6 C2=0,7,5,1,9,6,2,8
I?zTbzw|? PAIR C1=0,4,8,2,7,1,5,9 C2=0,5,7,4,2,9,1,8
I?zTbxy\_ PAIR C1=1,7,3,5,9,2,6,8 C2=1,5,7,2,8,3,6,9
I?zVfa{^? PAIR C1=0,4,8,2,9,3,5,1,7 C2=0,5,9,1,4,2,7,3,8
I?zVfa{Z_ PAIR C1=0,5,9,2,8,4,1,7,3,6 C2=0,7,2,4,9,6,1,5,3,8
I?zVfa{N_ PAIR C1=0,5,9,2,8,4,1,7,3,6 C2=0,7,2,4,9,6,1,5,3,8
I?zVfa{Yo PAIR C1=0,5,8,4,2,9,1,7,3,6 C2=0,7,2,6,9,4,1,5,3,8
I?zVfa{Uo PAIR C1=0,4,2,6,3,8,5,1,7 C2=0,5,3,7,2,8,4,1,6
I?zVfa{Ro PAIR C1=0,4,2,6,3,8,5,1,7 C2=0,5,3,7,2,8,4,1,6
I?zTvbwTo PAIR C1=0,4,2,8,3,7,1,5,9,6 C2=0,5,3,9,1,8,4,6,2,7
I?zTv`{x_ PAIR C1=0,4,2,8,3,6,9,5,1,7 C2=0,5,3,7,2,6,4,8,1,9
I?zTv`{t_ PAIR C1=0,4,2,8,3,6,9,5,1,7 C2=0,5,3,7,2,6,4,8,1,9
I?zTv`{{O PAIR C1=0,4,2,6,3,8,5,1,7 C2=0,5,3,7,2,8,1,4,6
I?zTv`{tO PAIR C1=0,4,2,6,3,8,5,1,7 C2=0,5,3,7,2,8,1,4,6
I?zTv`{lO PAIR C1=0,4,2,6,3,8,5,1,7 C2=0,5,3,7,2,8,1,4,6
I?zTv`{\O PAIR C1=0,4,2,6,3,8,5,1,7 C2=0,5,3,7,2,8,1,4,6
I?zTv`y{O PAIR C1=0,4,8,1,7,9,2,6 C2=0,7,2,8,6,4,1,9
I?zTv`ytO PAIR C1=0,4,8,1,7,9,3,6 C2=0,7,3,8,6,4,1,9
I?zTrjw|? PAIR C1=0,5,7,3,8,1,4,2,6 C2=0,4,6,3,5,1,7,2,8
I?zTrjw{_ PAIR C1=0,5,7,3,8,1,4,2,6 C2=0,4,6,3,5,1,7,2,8
I?zTrjwt_ PAIR C1=0,5,7,3,8,1,4,2,6 C2=0,4,6,3,5,1,7,2,8
I?zTrjw\_ PAIR C1=0,5,7,3,8,1,4,2,6 C2=0,4,6,3,5,1,7,2,8
I?zTrjwxO PAIR C1=0,5,7,3,8,1,4,2,6 C2=0,4,6,3,5,1,7,2,8
I?zTrjwtO PAIR C1=0,5,7,3,8,1,4,2,6 C2=0,4,6,3,5,1,7,2,8
I?zTrjwlO PAIR C1=0,5,7,3,8,1,4,2,6 C2=0,4,6,3,5,1,7,2,8
I?zTrjwdo PAIR C1=0,5,7,3,8,1,4,2,6 C2=0,4,6,3,5,1,7,2,8
ICQfvp{}? PAIR C1=0,3,9,4,7,1,6 C2=0,7,3,6,4,1,9
ICRdvq{N_ PAIR C1=0,3,7,4,9,6,2,8 C2=0,6,4,8,3,9,2,7
ICRdrzw}? PAIR C1=0,3,6,4,7,1,9,2,8 C2=0,6,2,7,3,8,1,4,9
ICRdrzw|? PAIR C1=0,3,9,1,7,5,2,8 C2=0,5,1,8,3,7,2,9
ICRdrzwn? PAIR C1=0,3,8,2,9,5,7,1,4,6 C2=0,8,1,5,2,6,3,7,4,9
ICRdrzw{_ PAIR C1=0,3,6,9,2,8,4,1,7,5 C2=0,8,1,5,2,6,4,7,3,9
ICRdrzwy_ PAIR C1=0,3,8,1,4,9,6,2,7,5 C2=0,8,4,6,3,7,1,5,2,9
ICRdrzwm_ PAIR C1=0,3,8,1,4,9,6,2,7,5 C2=0,8,4,6,3,7,1,5,2,9
ICRdrzw]_ PAIR C1=0,3,8,2,5,7,4,1,9,6 C2=0,5,1,7,3,9,2,6,4,8
ICRdrzwx_ PAIR C1=0,3,6,9,1,4,7,5,2,8 C2=0,5,1,7,3,8,4,6,2,9
ICRdrzwt_ PAIR C1=0,3,6,9,5,1,4,7,2,8 C2=0,5,2,6,4,8,1,7,3,9
ICRdrzwl_ PAIR C1=0,3,6,9,5,1,4,7,2,8 C2=0,5,2,6,4,8,1,7,3,9
ICRdrzw\_ PAIR C1=0,3,6,9,5,1,4,7,2,8 C2=0,5,2,9,3,7,1,8,4,6
ICRdrzwr_ PAIR C1=0,5,9,1,4,7,2,6,3,8 C2=0,3,7,1,5,2,8,4,6,9
ICRdrzwj_ PAIR C1=0,5,9,2,7,4,1,8,3,6 C2=0,3,7,1,5,2,8,4,6,9
ICRdrzwf_ PAIR C1=0,5,9,3,8,1,4,7,2,6 C2=0,3,7,1,5,2,8,4,6,9
ICRdrzwN_ PAIR C1=1,4,7,5,9,3,6,2,8 C2=1,5,2,9,6,4,8,3,7
ICRdrzky_ PAIR C1=0,6,2,9,1,4,7,5,8 C2=0,5,2,7,1,8,4,6,9
ICRdrx{]_ PAIR C1=1,4,6,2,8,5,7,3,9 C2=1,5,2,9,6,3,8,4,7
ICRdtt{n? PAIR C1=0,3,7,4,9,5,8,2,6 C2=0,5,2,7,6,4,8,3,9
ICRdrvw}? PAIR C1=0,3,7,6,2,9,4,8 C2=0,6,4,7,2,8,3,9
ICR`~rw}? PAIR C1=0,7,3,9,1,5,2,6,4,8 C2=0,5,6,3,8,1,4,7,2,9
ICR`~rwx_ PAIR C1=0,3,7,1,9,5,2,6,4,8 C2=0,5,6,3,8,1,4,7,2,9
ICR`~rwt_ PAIR C1=0,5,2,6,4,8,1,9,3,7 C2=0,3,8,2,7,4,1,5,6,9
ICR`~rw\_ PAIR C1=0,7,3,9,1,5,2,6,4,8 C2=0,3,8,1,4,7,2,9,6,5
ICQvVp{}? PAIR C1=0,6,2,8,4,1,9,3,7 C2=0,3,8,1,6,4,7,2,9
ICQvVp{z? PAIR C1=0,6,4,8,2,5,9,1,7 C2=0,5,8,1,6,2,7,4,9
ICQvVp{v? PAIR C1=0,6,4,8,2,5,9,1,7 C2=0,5,8,1,6,2,7,4,9
ICQvVp{^? PAIR C1=0,5,3,9,1,8,4,7,2,6 C2=0,3,8,5,2,9,4,6,1,7
ICQvVp{{_ PAIR C1=0,5,2,8,4,1,6,9,3,7 C2=0,3,5,8,1,7,4,6,2,9
ICQvVp{y_ PAIR C1=0,5,2,7,3,8,4,1,9,6 C2=0,3,5,8,1,7,4,6,2,9
ICQvVp{u_ PAIR C1=0,5,2,7,3,8,1,4,9,6 C2=0,3,5,8,2,6,4,7,1,9
ICQvVp{x_ PAIR C1=0,5,2,9,6,1,4,8,3,7 C2=0,3,5,8,2,6,4,7,1,9
ICQvVp{t_ PAIR C1=0,5,2,8,3,9,6,1,4,7 C2=0,3,5,8,4,6,2,7,1,9
ICQvVp{\_ PAIR C1=0,5,2,9,6,4,1,8,3,7 C2=0,3,5,9,1,7,4,8,2,6
ICQvVp{r_ PAIR C1=0,5,2,6,9,4,1,8,3,7 C2=0,3,5,9,1,7,2,8,4,6
ICQvVp{V_ PAIR C1=0,5,2,6,9,4,1,8,3,7 C2=0,3,5,9,1,7,2,8,4,6
ICQvVT{z? PAIR C1=0,5,8,1,4,7,6,2,9 C2=0,6,4,8,2,5,9,1,7
ICQvRvw}? PAIR C1=0,8,2,6,4,1,7,3,9 C2=0,3,8,4,7,2,9,1,6
ICQvRvw|? PAIR C1=0,8,2,6,4,1,7,3,9 C2=0,3,8,4,7,2,9,1,6
ICQvRvkz? PAIR C1=0,5,2,8,4,6,7,1,9 C2=0,6,1,4,7,2,9,5,8
ICQr^rw}? PAIR C1=0,3,9,4,8,1,7 C2=0,8,3,7,4,1,9
ICQr^rwz? PAIR C1=0,3,5,6,2,9,1,8,4,7 C2=0,5,2,8,3,7,1,6,4,9
ICQr^rwv? PAIR C1=0,3,9,5,6,2,7,4,1,8 C2=0,5,2,8,3,7,1,6,4,9
ICQr^rwx_ PAIR C1=0,3,5,9,1,6,2,7,4,8 C2=0,5,2,8,3,7,1,4,6,9
ICQr^rwt_ PAIR C1=0,3,5,9,1,6,2,7,4,8 C2=0,5,2,8,3,7,1,4,6,9
ICRvfQ{[o PAIR C1=0,6,2,7,1,9,3,5,8 C2=0,3,8,2,5,1,6,9,7
ICRvUp{m_ PAIR C1=0,5,3,7,1,8,4,6,2,9 C2=0,3,8,2,5,1,6,9,4,7
ICRtvRwZ_ PAIR C1=0,7,1,9,2,5,3,6,4,8 C2=0,3,8,1,5,9,4,7,2,6
ICRtvRwV_ PAIR C1=0,5,9,1,7,2,8,4,6 C2=0,7,4,9,6,2,5,1,8
ICRtvRwNO PAIR C1=0,5,9,3,6,4,1,8,2,7 C2=0,3,8,4,9,7,1,5,2,6
ICRtvRwXo PAIR C1=0,5,3,6,4,1,8,2,7 C2=0,3,8,4,7,1,5,2,6
ICRtvRwTo PAIR C1=0,5,3,6,4,1,8,2,7 C2=0,3,8,4,7,1,5,2,6
ICRtvRwRo PAIR C1=0,5,3,6,4,1,8,2,7 C2=0,3,8,4,7,1,5,2,6
ICRtvRs[o PAIR C1=0,5,3,6,9,1,8,2,7 C2=0,6,2,5,1,7,9,3,8
ICRtvP{}? PAIR C1=0,3,6,4,8,2,9,1,7 C2=0,6,2,7,4,1,8,3,9
ICRtvP{{_ PAIR C1=0,3,6,4,8,2,9,1,7 C2=0,6,2,7,4,1,8,3,9
ICRtvP{y_ PAIR C1=0,7,4,6,3,5,2,8,1,9 C2=0,3,8,4,9,6,2,7,1,5
ICRtvP{u_ PAIR C1=0,7,4,6,3,5,2,8,1,9 C2=0,3,8,4,9,6,2,7,1,5
ICRtvP{]_ PAIR C1=0,6,4,9,3,5,2,8,1,7 C2=0,3,8,4,7,2,6,9,1,5
ICRtvP{wo PAIR C1=0,7,1,4,6,3,5,8,2,9 C2=0,3,8,4,7,2,6,9,1,5
ICRtvP{qo PAIR C1=0,6,3,5,8,2,7,1,4,9 C2=0,3,8,1,9,7,4,6,2,5
ICRtvP{io PAIR C1=0,6,3,5,2,7,1,8,4,9 C2=0,3,8,2,6,9,7,4,1,5
ICRtvPx}? PAIR C1=0,6,4,8,1,7,2,5,3,9 C2=0,3,6,2,8,7,4,9,1,5
ICRtvPx|? PAIR C1=0,6,4,8,1,7,2,5,3,9 C2=0,3,6,2,8,7,4,1,9,5
ICRtvPxv? PAIR C1=0,6,4,8,1,7,2,5,3,9 C2=0,3,6,2,8,7,4,1,9,5
ICRtvPxn? PAIR C1=0,5,2,7,1,8,3,9,4,6 C2=0,3,6,2,8,7,4,1,5,9
ICRtvPxx_ PAIR C1=0,3,5,9,2,7,1,8,4,6 C2=0,5,2,6,3,8,7,4,1,9
ICRtvPxt_ PAIR C1=0,3,9,5,1,7,2,8,4,6 C2=0,5,2,6,3,8,7,4,1,9
ICRturwZ_ PAIR C1=0,3,7,1,8,2,5,9,4,6 C2=0,5,1,9,2,6,3,8,4,7
ICpffX{j_ PAIR C1=0,4,7,5,2,8,1,6,9 C2=0,6,2,9,4,8,5,1,7
ICpfdy{N_ PAIR C1=0,4,7,3,8,2,5,9,6 C2=0,3,6,2,9,4,8,5,7
ICpfdx{n? PAIR C1=0,6,2,5,1,8,4,7,3,9 C2=0,3,6,1,4,9,5,8,2,7
ICpfdx{{_ PAIR C1=0,4,8,1,9,3,7,5,2,6 C2=0,3,6,9,2,8,5,1,4,7
ICpfdx{y_ PAIR C1=0,4,9,1,8,3,7,5,2,6 C2=0,3,6,9,2,8,5,1,4,7
ICpfdx{u_ PAIR C1=0,4,7,5,2,6,1,8,3,9 C2=0,3,6,9,4,1,5,8,2,7
ICpfdx{m_ PAIR C1=0,4,7,5,2,6,1,8,3,9 C2=0,3,6,9,4,1,5,8,2,7
ICpfdx{]_ PAIR C1=0,4,7,5,2,9,3,8,1,6 C2=0,3,6,9,4,1,5,8,2,7
ICpfdx{x_ PAIR C1=0,4,7,5,9,1,8,2,6 C2=0,7,2,5,8,4,1,6,9
ICpfdx{t_ PAIR C1=0,4,7,5,9,1,8,2,6 C2=0,7,2,5,8,4,1,6,9
ICpfdx{\_ PAIR C1=0,4,7,3,8,1,5,9,2,6 C2=0,3,9,6,1,4,8,5,2,7
ICpfdx{r_ PAIR C1=0,4,7,5,9,1,8,2,6 C2=0,7,2,5,8,4,1,6,9
ICpfdx{j_ PAIR C1=0,4,7,3,8,1,6,2,5,9 C2=0,3,6,9,4,1,5,8,2,7
ICpfdx{V_ PAIR C1=0,4,7,3,8,1,9,5,2,6 C2=0,3,6,9,4,1,5,8,2,7
ICpfbx{m_ PAIR C1=1,5,2,6,9,4,7,3,8 C2=1,4,8,5,7,2,9,3,6
ICpfbx{N_ PAIR C1=1,5,2,6,9,4,7,3,8 C2=1,4,8,5,7,2,9,3,6
ICpfdt{}? PAIR C1=1,6,2,7,3,8,4,9 C2=1,4,7,6,3,9,2,8
ICpf`~w^? PAIR C1=1,6,2,7,3,8,4,9 C2=1,4,7,6,3,9,2,8
ICpdrzs}? PAIR C1=0,3,7,1,5,8,2,6,4,9 C2=0,6,3,9,2,5,7,4,1,8
ICpdrzs|? PAIR C1=0,4,6,2,7,3,8,5,1,9 C2=0,6,3,9,2,5,7,4,1,8
ICpdrzsn? PAIR C1=0,3,8,5,1,7,2,6,4,9 C2=0,6,3,9,2,5,7,4,1,8
ICpdrzs{_ PAIR C1=0,4,6,2,8,5,1,7,3,9 C2=0,3,6,9,2,5,7,4,1,8
ICpdrzsy_ PAIR C1=0,4,6,2,8,3,7,1,9 C2=0,3,6,9,2,7,4,1,8
ICpdrzsm_ PAIR C1=0,4,1,7,3,8,5,2,6,9 C2=0,3,6,4,9,2,7,5,1,8
ICpdrzs]_ PAIR C1=0,4,1,7,3,8,5,2,9,6 C2=0,3,6,4,9,1,5,7,2,8
ICpdrzst_ PAIR C1=0,6,2,5,8,1,7,3,9 C2=0,3,6,9,1,5,7,2,8
ICpdrzsr_ PAIR C1=0,4,9,6,2,7,1,5,8 C2=0,6,4,7,5,2,8,1,9
ICpdrzsj_ PAIR C1=0,4,9,2,7,1,5,8,3,6 C2=0,3,7,5,2,8,1,4,6,9
ICpdrzsf_ PAIR C1=0,4,9,3,8,5,1,7,2,6 C2=0,3,7,5,2,8,1,4,6,9
ICpdrzsV_ PAIR C1=0,4,9,3,8,5,1,7,2,6 C2=0,3,6,9,1,4,7,5,2,8
ICpdrzsN_ PAIR C1=0,6,2,7,5,1,4,9,3,8 C2=0,3,6,9,2,5,8,1,7,4
ICpdrvs}? PAIR C1=0,3,6,2,7,4,9,1,8 C2=0,6,4,1,7,3,8,2,9
ICpdrnw}? PAIR C1=0,3,7,2,6,4,9,1,8 C2=0,4,1,7,6,3,8,2,9
ICpdrnw^? PAIR C1=0,3,7,2,8,1,9,4,6 C2=0,4,1,7,6,2,9,3,8
ICpbvjsl_ PAIR C1=0,8,2,7,3,6,1,5,9 C2=0,3,9,6,2,5,8,1,7
ICpbvi{|? PAIR C1=0,3,7,5,8,2,9 C2=0,7,2,5,9,3,8
ICpbvi{z? PAIR C1=0,8,3,7,2,5,1,6,4,9 C2=0,3,6,2,9,5,8,4,1,7
ICpbvi{{_ PAIR C1=0,8,3,7,5,2,6,1,9 C2=0,3,6,9,2,8,5,1,7
ICpbvi{y_ PAIR C1=0,8,3,7,5,2,6,1,9 C2=0,3,6,9,2,8,5,1,7
ICpbvi{u_ PAIR C1=0,7,5,2,8,3,6,1,9 C2=0,3,9,6,2,7,1,5,8
ICpbvi{m_ PAIR C1=0,4,6,1,7,5,2,8,3,9 C2=0,3,7,2,6,9,4,1,5,8
ICpbvi{]_ PAIR C1=0,4,6,1,9,3,8,2,5,7 C2=0,3,7,2,6,9,4,1,5,8
ICpbvi{t_ PAIR C1=0,7,5,2,8,3,6,1,9 C2=0,3,9,6,2,7,1,5,8
ICpbvi{r_ PAIR C1=0,3,7,2,6,4,9,1,5,8 C2=0,4,1,7,5,2,8,3,6,9
ICpbvh{N_ PAIR C1=1,7,5,2,6,3,9,4,8 C2=1,4,6,9,2,7,3,8,5
ICpdnrw]_ PAIR C1=0,4,9,2,6,3,7,1,8 C2=0,3,8,2,7,4,1,9,6
ICpdnp{|? PAIR C1=0,7,1,4,8,2,5,6,3,9 C2=0,4,7,3,8,5,1,9,2,6
ICpdnp{{_ PAIR C1=0,7,1,4,8,2,5,6,3,9 C2=0,4,7,3,8,5,1,9,2,6
ICpdnp{y_ PAIR C1=0,3,6,5,2,7,1,8,4,9 C2=0,4,7,3,8,5,1,9,2,6
ICpdnp{m_ PAIR C1=0,3,6,5,2,8,1,7,4,9 C2=0,4,1,5,8,3,7,2,9,6
ICpdnp{]_ PAIR C1=0,3,6,5,2,8,1,9,4,7 C2=0,4,1,5,8,3,7,2,9,6
ICpdnp{t_ PAIR C1=0,3,7,4,8,2,6,5,1,9 C2=0,4,1,7,2,5,8,3,9,6
ICpdnp{l_ PAIR C1=0,3,6,2,8,4,7,1,5,9 C2=0,4,1,8,5,2,7,3,9,6
ICpdnp{r_ PAIR C1=0,3,6,9,5,1,8,4,7 C2=0,6,5,8,3,7,1,4,9
ICpdnX{y_ PAIR C1=0,4,8,2,7,1,5,6,9 C2=0,6,2,9,4,1,8,5,7
ICpdlt{n? PAIR C1=0,4,8,2,7,3,6,5,9 C2=0,3,8,5,2,9,4,7,6
ICrbfo}}? PAIR C1=0,4,8,5,1,7,2,6,3,9 C2=0,5,2,9,4,1,6,8,3,7
ICrbfo}|? PAIR C1=0,4,8,5,1,7,2,6,3,9 C2=0,3,7,4,1,6,8,2,9,5
ICrbfo}z? PAIR C1=0,3,6,2,8,4,7,1,5,9 C2=0,5,2,9,4,1,6,8,3,7
ICrbfo}v? PAIR C1=0,7,4,1,5,8,2,6,3,9 C2=0,3,8,6,1,7,2,5,9,4
ICrbfo}n? PAIR C1=0,7,4,1,5,8,2,6,3,9 C2=0,3,8,6,1,7,2,5,9,4
ICrbfo}^? PAIR C1=1,4,8,5,9,3,6,2,7 C2=1,5,2,9,4,7,3,8,6
ICrbfo}{_ PAIR C1=0,7,1,4,8,5,2,6,3,9 C2=0,4,7,3,8,2,9,6,1,5
ICrbfo}y_ PAIR C1=0,4,7,1,5,2,8,3,6,9 C2=0,3,7,2,9,4,1,6,8,5
ICrbfo}m_ PAIR C1=0,4,7,1,5,2,8,3,6,9 C2=0,3,7,2,9,4,1,6,8,5
ICrbfo}x_ PAIR C1=0,7,1,5,2,8,3,6,9 C2=0,3,7,2,9,1,6,8,5
ICrbfo}t_ PAIR C1=0,4,7,1,9,6,3,8,2,5 C2=0,3,7,2,6,1,4,8,5,9
ICrbdxy|? PAIR C1=0,4,1,8,3,6,2,7,5,9 C2=0,3,7,4,8,6,1,9,2,5
ICrbdxyn? PAIR C1=0,4,1,8,3,6,2,7,5,9 C2=0,3,9,2,5,1,6,8,4,7
ICrbdxy^? PAIR C1=0,5,1,8,3,6,2,9,4,7 C2=0,3,9,5,7,2,8,6,1,4
ICrbdxyy_ PAIR C1=0,3,8,4,9,6,2,7 C2=0,4,7,3,6,8,2,9
ICrbdxym_ PAIR C1=0,3,8,4,9,6,2,7 C2=0,4,7,3,6,8,2,9
ICrbdxyx_ PAIR C1=0,4,8,1,5,9,6,2,7 C2=0,5,7,4,1,6,8,2,9
ICrbdxyt_ PAIR C1=0,5,1,4,8,3,9,6,2,7 C2=0,4,7,3,6,1,8,2,5,9
ICrbby{}? PAIR C1=0,5,2,7,3,8,4,9 C2=0,3,9,2,8,5,7,4
ICrbfT{j_ PAIR C1=0,7,6,2,8,4,1,5,9 C2=0,4,7,2,9,6,1,8,5
ICrbdu{N_ PAIR C1=0,3,8,4,9,5,2,6,7 C2=0,4,7,3,6,9,2,8,5
ICrbdt{v? PAIR C1=0,3,6,7,2,5,1,8,4,9 C2=0,4,7,3,9,1,6,2,8,5
ICrbdt{n? PAIR C1=0,3,7,6,2,5,1,8,4,9 C2=0,5,8,2,9,3,6,1,4,7
ICrbdt{^? PAIR C1=0,3,9,4,8,1,5,2,6,7 C2=0,4,7,3,6,1,9,2,8,5
ICrbdt{y_ PAIR C1=0,4,8,1,5,2,7,6,9 C2=0,5,8,2,6,1,9,4,7
ICrbdt{m_ PAIR C1=0,3,9,6,7,2,5,1,8,4 C2=0,5,8,2,9,4,1,6,3,7
ICrbdt{x_ PAIR C1=0,3,8,1,5,2,7,6,9 C2=0,5,8,2,9,1,6,3,7
ICrbdt{t_ PAIR C1=0,3,8,1,5,2,7,6,9 C2=0,5,8,2,6,1,9,3,7
ICrfbq{Z_ PAIR C1=0,4,1,7,2,5,8,3,6 C2=0,3,7,4,8,2,6,1,5
ICrfbq{V_ PAIR C1=0,4,1,7,2,5,8,3,6 C2=0,3,7,4,8,2,6,1,5
ICrfbq{N_ PAIR C1=0,4,1,7,2,5,8,3,6 C2=0,3,7,4,8,2,6,1,5
ICrfbq{\O PAIR C1=0,4,1,7,2,5,8,3,6 C2=0,3,7,4,8,2,6,1,5
ICrfbq{ZO PAIR C1=0,4,1,7,2,5,8,3,6 C2=0,3,7,4,8,2,6,1,5
ICrfbq{[o PAIR C1=0,4,1,7,2,5,8,3,6 C2=0,3,7,4,8,2,6,1,5
ICrfbq{Yo PAIR C1=0,4,1,7,2,5,8,3,6 C2=0,3,7,4,8,2,6,1,5
ICrfbp{n? PAIR C1=0,4,1,7,2,5,8,3,6 C2=0,3,7,4,8,2,6,1,5
ICrfbp{m_ PAIR C1=0,4,1,7,2,5,8,3,6 C2=0,3,7,4,8,2,6,1,5
ICrfbp{l_ PAIR C1=0,4,1,7,2,5,8,3,6 C2=0,3,7,4,8,2,6,1,5
ICrfbp{j_ PAIR C1=0,4,1,7,2,5,8,3,6 C2=0,3,7,4,8,2,6,1,5
ICrfbp{f_ PAIR C1=0,4,1,7,2,5,8,3,6 C2=0,3,7,4,8,2,6,1,5
ICrfbp{N_ PAIR C1=0,4,1,7,2,5,8,3,6 C2=0,3,7,4,8,2,6,1,5
ICrfbp{lO PAIR C1=0,4,1,7,2,5,8,3,6 C2=0,3,7,4,8,2,6,1,5
ICrfbp{ko PAIR C1=0,4,1,7,2,5,8,3,6 C2=0,3,7,4,8,2,6,1,5
ICrfbqu\O PAIR C1=0,6,2,5,1,7,9,3,8 C2=0,3,7,2,9,1,6,8,5
ICrdrq{Lo PAIR C1=0,3,9,7,4,8,2,6 C2=0,4,6,9,2,7,3,8
ICrdrp{l_ PAIR C1=0,4,7,2,8,1,5,9,3,6 C2=0,5,8,3,7,1,4,6,2,9
ICrdrp{\_ PAIR C1=0,3,9,5,1,8,4,7,2,6 C2=0,4,6,9,1,7,3,8,2,5
ICrdrp{tO PAIR C1=0,5,2,7,4,8,1,9,3,6 C2=0,4,6,2,8,3,7,1,5,9
ICrdrp{lO PAIR C1=0,5,1,8,4,7,2,9,3,6 C2=0,3,7,1,4,6,2,8,5,9
ICrdrp{wo PAIR C1=0,3,6,9,2,7,4,8,1,5 C2=0,4,6,2,5,8,3,7,1,9
ICrdrp{so PAIR C1=0,3,6,9,1,8,4,7,2,5 C2=0,4,6,2,8,5,1,7,3,9
ICrdrp{po PAIR C1=0,3,8,1,5,9,6,2,7,4 C2=0,5,2,8,4,6,3,7,1,9
ICrdrp{ho PAIR C1=0,3,8,1,5,9,6,2,7,4 C2=0,6,3,7,1,4,8,5,2,9
ICrdrquNO PAIR C1=0,3,9,4,7,2,8,6 C2=0,4,6,2,9,7,3,8
ICrdrpu|? PAIR C1=0,3,9,5,1,8,2,7,4,6 C2=0,4,1,7,3,6,8,5,2,9
ICrdrpuyO PAIR C1=0,3,6,4,7,2,8,1,5 C2=0,4,1,7,3,8,5,2,6
ICrdrpumO PAIR C1=0,3,6,4,7,2,8,1,5 C2=0,4,1,7,3,8,5,2,6
ICrdrpu]O PAIR C1=0,3,6,4,7,2,8,1,5 C2=0,4,1,7,3,8,5,2,6
ICrdrputO PAIR C1=0,3,6,4,7,2,8,1,5 C2=0,4,1,7,3,8,5,2,6
ICrdrpurO PAIR C1=0,3,6,4,7,2,8,1,5 C2=0,4,1,7,3,8,5,2,6
ICrdrpx{_ PAIR C1=0,3,6,2,9,1,8,7,4 C2=0,6,4,1,7,2,8,3,9
ICrdrptn? PAIR C1=0,3,6,2,9,5,1,8,7,4 C2=0,6,4,1,7,2,5,8,3,9
ICrdrpt^? PAIR C1=0,3,6,2,5,9,1,8,7,4 C2=0,5,8,2,9,3,7,1,4,6
ICrdrptm_ PAIR C1=0,4,7,8,1,5,2,6,3,9 C2=0,3,7,1,4,6,9,2,8,5
ICrdrpt]_ PAIR C1=0,3,9,2,5,1,8,7,4,6 C2=0,4,1,9,6,3,7,2,8,5
ICrdrptt_ PAIR C1=0,3,6,2,7,8,1,5,9 C2=0,5,2,8,3,7,1,9,6
ICrdrptl_ PAIR C1=0,4,7,8,1,5,2,6,3,9 C2=0,3,7,1,4,6,9,2,8,5
ICrdrptr_ PAIR C1=0,4,7,2,5,1,8,3,6 C2=0,3,7,1,4,6,2,8,5
ICrdrptj_ PAIR C1=0,4,7,2,5,1,8,3,6 C2=0,3,7,1,4,6,2,8,5
ICrdrptf_ PAIR C1=0,4,7,2,5,1,8,3,6 C2=0,3,7,1,4,6,2,8,5
ICrdrjw^? PAIR C1=0,6,2,5,9,3,7,1,4,8 C2=0,4,6,3,8,1,9,2,7,5
ICrdrjw\_ PAIR C1=0,6,2,5,9,3,7,1,4,8 C2=0,4,6,3,8,1,9,2,7,5
ICrdrjwZ_ PAIR C1=0,3,8,4,1,5,7,2,6 C2=0,4,6,3,7,1,8,2,5
ICrdrjw]O PAIR C1=0,3,8,4,1,5,7,2,6 C2=0,4,6,3,7,1,8,2,5
ICrdrjw\O PAIR C1=0,3,8,4,1,5,7,2,6 C2=0,4,6,3,7,1,8,2,5
ICrdrjwNO PAIR C1=0,3,8,4,1,5,7,2,6 C2=0,4,6,3,7,1,8,2,5
ICrdrjwYo PAIR C1=0,3,8,4,1,5,7,2,6 C2=0,4,6,3,7,1,8,2,5
ICrdrjwTo PAIR C1=0,3,8,4,1,5,7,2,6 C2=0,4,6,3,7,1,8,2,5
ICrdrjwLo PAIR C1=0,3,8,4,1,5,7,2,6 C2=0,4,6,3,7,1,8,2,5
ICrdrjwRo PAIR C1=0,3,8,4,1,5,7,2,6 C2=0,4,6,3,7,1,8,2,5
ICrdrjwJo PAIR C1=0,3,8,4,1,5,7,2,6 C2=0,4,6,3,7,1,8,2,5
ICrdrjwFo PAIR C1=0,3,8,4,1,5,7,2,6 C2=0,4,6,3,7,1,8,2,5
ICrbrrkho PAIR C1=0,8,4,1,6,2,5,9 C2=0,4,6,9,2,8,1,5
ICrbrquz? PAIR C1=0,8,3,6,2,7,4,1,5,9 C2=0,3,7,1,9,2,5,8,6,4
ICrbrquyO PAIR C1=0,8,3,7,2,6,1,4,9 C2=0,3,6,8,2,9,1,7,4
ICrbrqumO PAIR C1=0,8,2,5,1,6,3,7,4,9 C2=0,3,9,2,7,1,4,6,8,5
ICrbrqu]O PAIR C1=0,3,7,4,6,1,5,2,8 C2=0,4,1,7,2,6,3,8,5
ICrbrqutO PAIR C1=0,3,7,4,6,1,5,2,8 C2=0,4,1,7,2,6,3,8,5
ICrbrqulO PAIR C1=0,3,7,4,6,1,5,2,8 C2=0,4,1,7,2,6,3,8,5
ICrbrqurO PAIR C1=0,3,7,4,6,1,5,2,8 C2=0,4,1,7,2,6,3,8,5
ICpvbquxO PAIR C1=0,3,7,9,1,6,2,5,8 C2=0,6,8,3,5,1,7,2,9
ICpvVa{Z_ PAIR C1=0,3,5,9,6,1,7,2,8,4 C2=0,6,2,9,4,1,5,8,3,7
ICpvVa{V_ PAIR C1=0,3,8,4,9,5,2,7,1,6 C2=0,4,1,5,8,2,6,9,3,7
ICpvVa{ZO PAIR C1=0,3,7,1,9,5,2,8,4,6 C2=0,4,9,7,2,6,1,5,3,8
ICpvVa{VO PAIR C1=0,3,7,1,9,5,2,8,4,6 C2=0,4,9,7,2,6,1,5,3,8
ICpvVa{NO PAIR C1=0,3,8,4,9,5,2,7,1,6 C2=0,7,9,3,5,1,4,6,2,8
ICpvVa{[o PAIR C1=0,3,5,1,7,2,8,4,6 C2=0,4,1,6,2,5,8,3,7
ICpvVa{Uo PAIR C1=0,3,5,1,7,2,8,4,6 C2=0,4,1,6,2,5,8,3,7
ICpvVa{Xo PAIR C1=0,3,5,1,7,2,8,4,6 C2=0,4,1,6,2,5,8,3,7
ICpvVa{To PAIR C1=0,3,5,1,7,2,8,4,6 C2=0,4,1,6,2,5,8,3,7
ICpvVa{Jo PAIR C1=0,3,5,1,7,2,8,4,6 C2=0,4,1,6,2,5,8,3,7
ICpvV`{n? PAIR C1=0,3,5,1,7,2,8,4,6 C2=0,4,1,6,2,5,8,3,7
ICpvV`{j_ PAIR C1=0,3,5,1,7,2,8,4,6 C2=0,4,1,6,2,5,8,3,7
ICpvV`{f_ PAIR C1=0,3,5,1,7,2,8,4,6 C2=0,4,1,6,2,5,8,3,7
ICpvV`{mO PAIR C1=0,3,5,1,7,2,8,4,6 C2=0,4,1,6,2,5,8,3,7
ICpvV`{jO PAIR C1=0,3,5,1,7,2,8,4,6 C2=0,4,1,6,2,5,8,3,7
ICpvV`{ko PAIR C1=0,3,5,1,7,2,8,4,6 C2=0,4,1,6,2,5,8,3,7
ICpvV`{eo PAIR C1=0,3,5,1,7,2,8,4,6 C2=0,4,1,6,2,5,8,3,7
ICpvV`{Mo PAIR C1=0,3,5,1,7,2,8,4,6 C2=0,4,1,6,2,5,8,3,7
ICpvV`{ho PAIR C1=0,3,5,1,7,2,8,4,6 C2=0,4,1,6,2,5,8,3,7
ICpvV`{do PAIR C1=0,3,5,1,7,2,8,4,6 C2=0,4,1,6,2,5,8,3,7
ICpvV`{Fo PAIR C1=0,3,5,1,7,2,8,4,6 C2=0,4,1,6,2,5,8,3,7
ICpvVay]O PAIR C1=0,3,9,4,8,2,7,1,6 C2=0,4,1,9,2,6,8,3,7
ICpvV`mjO PAIR C1=0,6,1,7,2,8,4,9 C2=0,4,1,8,6,2,9,7
ICpvV_}n? PAIR C1=0,6,1,7,2,5,3,8,4,9 C2=0,4,1,5,8,6,2,9,3,7
ICpvV_}^? PAIR C1=0,4,9,5,2,8,3,7,1,6 C2=0,3,5,8,6,4,1,9,2,7
ICpvV_}{O PAIR C1=0,4,8,2,6,1,7,3,9 C2=0,3,8,6,4,1,9,2,7
ICpvV_}yO PAIR C1=0,6,1,5,2,8,3,7,9 C2=0,3,5,8,6,2,9,1,7
ICpvV_}uO PAIR C1=0,6,4,1,5,2,8,3,7,9 C2=0,4,8,5,3,9,1,6,2,7
ICpvV_}]O PAIR C1=0,4,1,5,2,7,9,3,8,6 C2=0,3,5,8,4,6,2,9,1,7
ICpvV_}tO PAIR C1=0,4,1,5,3,9,7,2,8,6 C2=0,3,8,4,6,2,5,9,1,7
ICpvV_}\O PAIR C1=0,4,1,5,3,9,7,2,8,6 C2=0,3,8,4,6,2,5,9,1,7
ICpvV_}jO PAIR C1=0,4,1,5,3,7,9,2,8,6 C2=0,3,8,4,6,1,7,2,5,9
ICpvV_}VO PAIR C1=0,4,1,5,3,9,7,2,8,6 C2=0,3,8,4,6,2,5,9,1,7
ICpvVax]_ PAIR C1=0,4,1,9,3,8,7,2,6 C2=0,3,7,1,6,4,9,2,8
ICpvTrs^? PAIR C1=0,4,1,9,3,8,5,2,6 C2=0,3,5,1,6,4,9,2,8
ICpvTrs\_ PAIR C1=0,3,7,2,8,5,1,9,6,4 C2=0,7,4,1,6,2,9,5,3,8
ICpvTrsV_ PAIR C1=0,4,1,5,8,2,6,9,3,7 C2=0,6,1,9,4,7,2,5,3,8
ICpvTrsN_ PAIR C1=0,4,1,5,8,2,7,3,9,6 C2=0,3,8,1,6,2,5,9,4,7
ICpvTrs\O PAIR C1=0,6,4,1,5,9,3,7,2,8 C2=0,3,8,5,2,6,1,9,7,4
ICpvTrsZO PAIR C1=0,6,4,1,5,9,2,7,3,8 C2=0,3,5,8,2,6,1,9,7,4
ICpvTrsVO PAIR C1=0,4,1,5,9,7,3,8 C2=0,3,5,8,1,9,4,7
ICpvTrs[o PAIR C1=0,4,1,9,6,2,5,8,3,7 C2=0,3,5,1,6,4,7,9,2,8
ICpvTrsUo PAIR C1=0,4,1,9,6,2,5,8,3,7 C2=0,3,5,1,6,4,9,7,2,8
ICpvTrsMo PAIR C1=0,3,8,5,2,7,9,6,1,4 C2=0,7,4,6,2,9,3,5,1,8
ICpvTrsJo PAIR C1=0,3,8,2,5,1,6,9,7,4 C2=0,7,3,5,9,2,6,4,1,8
ICpvTrsFo PAIR C1=0,3,8,5,1,4,7,9,6 C2=0,7,3,5,9,4,6,1,8
ICpvTr[To PAIR C1=0,3,8,5,1,4,7,9,6 C2=0,7,3,5,9,1,6,4,8
ICpvTrUVO PAIR C1=0,3,8,5,1,9,7,4 C2=0,7,3,5,9,4,1,8
ICpvRrkho PAIR C1=0,6,1,4,7,9,5,2,8 C2=0,4,8,5,1,7,2,6,9
ICpvRr[do PAIR C1=0,3,5,9,7,4,6,1,8 C2=0,4,8,5,1,7,3,9,6
ICpvRq{|? PAIR C1=0,3,5,9,1,6,4,7,2,8 C2=0,4,8,5,1,7,3,9,2,6
ICpvRq{x_ PAIR C1=0,8,3,5,2,7,4,6,1,9 C2=0,3,7,1,4,8,5,9,2,6
ICpvRq{t_ PAIR C1=0,3,5,9,1,6,4,7,2,8 C2=0,6,2,5,8,4,1,7,3,9
ICpvRq{l_ PAIR C1=0,4,1,7,2,6,9,3,5,8 C2=0,3,7,4,8,2,9,5,1,6
ICpvRq{\_ PAIR C1=0,4,1,7,2,6,9,3,5,8 C2=0,3,7,4,8,2,9,5,1,6
ICpvRq{{O PAIR C1=0,3,5,8,2,9,1,7,4 C2=0,8,4,1,5,2,7,3,9
ICpvRq{xO PAIR C1=0,3,8,2,5,9,1,7,4 C2=0,8,4,1,5,3,7,2,9
ICpvRq{lO PAIR C1=0,3,9,5,8,2,7,1,4,6 C2=0,8,4,7,3,5,1,6,2,9
ICpvRq{ko PAIR C1=0,3,7,1,4,6,2,5,8 C2=0,4,7,2,8,3,5,1,6
ICprnQ{y_ PAIR C1=0,4,1,7,2,6,5,3,8 C2=0,3,6,1,5,2,8,4,7
ICprnQ{u_ PAIR C1=0,4,1,7,2,6,5,3,8 C2=0,3,6,1,5,2,8,4,7
ICprnQ{{O PAIR C1=0,4,1,7,2,6,5,3,8 C2=0,3,6,1,5,2,8,4,7
ICprnQ{yO PAIR C1=0,4,1,7,2,6,5,3,8 C2=0,3,6,1,5,2,8,4,7
ICprnQ{mO PAIR C1=0,4,1,7,2,6,5,3,8 C2=0,3,6,1,5,2,8,4,7
ICprnQ{]O PAIR C1=0,4,1,7,2,6,5,3,8 C2=0,3,6,1,5,2,8,4,7
ICprnQ{[o PAIR C1=0,4,1,7,2,6,5,3,8 C2=0,3,6,1,5,2,8,4,7
ICprnQ{qo PAIR C1=0,4,1,7,2,6,5,3,8 C2=0,3,6,1,5,2,8,4,7
ICprnQ{io PAIR C1=0,4,1,7,2,6,5,3,8 C2=0,3,6,1,5,2,8,4,7
ICprnQu{O PAIR C1=0,3,5,1,9,7,2,6,8 C2=0,7,1,6,5,2,8,3,9
ICprnO}]O PAIR C1=1,7,2,5,6,3,8,4,9 C2=1,4,7,9,3,5,8,2,6
ICprnRhj_ PAIR C1=0,4,1,5,9,6,2,8,7 C2=0,8,4,7,1,6,5,2,9
ICprnQx}? PAIR C1=0,3,5,1,6,2,8,4,7 C2=0,4,1,7,2,5,6,3,8
ICprnQx|? PAIR C1=0,3,5,1,6,2,8,4,7 C2=0,4,1,7,2,5,6,3,8
ICprnQxt_ PAIR C1=0,3,5,1,6,2,8,4,7 C2=0,4,1,7,2,5,6,3,8
ICprnQx\_ PAIR C1=0,3,5,1,6,2,8,4,7 C2=0,4,1,7,2,5,6,3,8
ICprnQxj_ PAIR C1=0,3,5,1,6,2,8,4,7 C2=0,4,1,7,2,5,6,3,8
ICqjfrs^? PAIR C1=0,5,9,1,4,7,2,8 C2=0,4,9,2,5,8,1,7
ICqjfd{}? PAIR C1=0,4,1,6,7,2,8,3,9 C2=0,3,6,2,9,4,8,1,7
ICqjfd{z? PAIR C1=0,4,1,6,7,3,8,2,9,5 C2=0,3,6,2,7,1,8,5,4,9
ICqjfd{v? PAIR C1=0,4,1,8,2,6,7,3,9,5 C2=0,3,6,1,7,2,5,8,4,9
ICqjfd{^? PAIR C1=0,4,1,8,2,6,7,3,9,5 C2=0,3,6,1,9,4,8,5,2,7
ICqjfd{m_ PAIR C1=0,5,4,1,8,2,6,7,3,9 C2=0,4,9,2,5,8,3,6,1,7
ICqjfd{Z_ PAIR C1=0,3,7,2,6,9,1,8,4,5 C2=0,4,9,2,5,8,3,6,1,7
ICqjfd{f_ PAIR C1=0,4,1,8,2,6,7,3,9,5 C2=0,3,6,1,7,2,5,8,4,9
ICqjfd{V_ PAIR C1=0,4,8,3,7,6,1,9,5 C2=0,3,6,9,4,5,8,1,7
ICqjfdy}? PAIR C1=0,4,1,6,7,2,8,3,9 C2=0,3,6,2,9,4,8,1,7
ICqjfT{x_ PAIR C1=0,4,5,8,1,7,6,2,9 C2=0,5,9,6,1,4,8,2,7
ICqnbrsV_ PAIR C1=1,4,7,3,8,2,5,9,6 C2=1,7,2,6,3,9,4,5,8
ICqnbrsN_ PAIR C1=1,4,7,3,8,2,5,9,6 C2=1,7,2,6,3,9,4,5,8
ICqnbrs]O PAIR C1=0,4,9,1,8,3,6,2,5 C2=0,3,9,2,8,5,4,1,6
ICqnbrs\O PAIR C1=0,4,7,1,8,3,6,2,5 C2=0,3,7,2,8,5,4,1,6
ICqnbrsZO PAIR C1=0,4,7,1,8,3,6,2,5 C2=0,3,7,2,8,5,4,1,6
ICqnbrsVO PAIR C1=0,4,7,1,8,3,6,2,5 C2=0,3,7,2,8,5,4,1,6
ICqnbrs[o PAIR C1=0,4,7,1,8,3,6,2,5 C2=0,3,7,2,8,5,4,1,6
ICqnbrsYo PAIR C1=0,4,7,1,8,3,6,2,5 C2=0,3,7,2,8,5,4,1,6
ICqnbrsUo PAIR C1=0,4,7,1,8,3,6,2,5 C2=0,3,7,2,8,5,4,1,6
ICqnbrsMo PAIR C1=0,4,7,1,8,3,6,2,5 C2=0,3,7,2,8,5,4,1,6
ICqnbrsXo PAIR C1=0,4,7,1,8,3,6,2,5 C2=0,3,7,2,8,5,4,1,6
ICqnbrsFo PAIR C1=0,4,7,1,8,3,6,2,5 C2=0,3,7,2,8,5,4,1,6
ICqnbr[To PAIR C1=0,3,8,1,6,9,5,4 C2=0,5,8,4,1,9,3,6
ICqnbrq]O PAIR C1=0,3,8,1,6,2,7,9,4 C2=0,6,3,7,4,1,9,2,8
ICqnbquNO PAIR C1=0,4,9,7,3,8,2,5 C2=0,3,9,2,7,4,5,8
ICqnbpu|? PAIR C1=0,3,7,1,9,2,8,5,4 C2=0,5,2,7,4,1,8,3,9
ICqnbpuz? PAIR C1=0,3,7,1,9,2,6,8,5,4 C2=0,6,3,8,1,4,7,2,5,9
ICqnbpu{O PAIR C1=0,3,7,1,9,2,6,8,5,4 C2=0,5,2,8,1,4,7,9,3,6
ICqnbpuyO PAIR C1=0,3,7,2,6,8,5,4,1,9 C2=0,5,2,9,4,7,1,8,3,6
ICqnbpuuO PAIR C1=0,3,7,2,6,8,5,4,1,9 C2=0,5,2,8,1,7,4,9,3,6
ICqnbpurO PAIR C1=0,3,7,1,6,2,8,5,9 C2=0,5,2,7,9,1,8,3,6
ICqnbpujO PAIR C1=0,3,7,4,1,6,2,8,5 C2=0,4,5,2,7,1,8,3,6
ICXfez[f_ PAIR C1=0,8,3,7,4,1,6,9 C2=0,6,3,9,4,8,1,7
ICXfey{}? PAIR C1=0,8,3,7,4,2,6,1,9 C2=0,6,3,9,2,8,4,1,7
ICXfey{v? PAIR C1=0,3,8,5,7,4,2,6,1,9 C2=0,6,3,7,1,4,9,5,2,8
ICXfey{{_ PAIR C1=0,7,4,2,6,1,9,3,8 C2=0,3,7,1,4,8,2,9,6
ICXfey{y_ PAIR C1=0,8,3,7,4,2,6,1,9 C2=0,3,6,9,2,8,4,1,7
ICXfey{u_ PAIR C1=0,6,1,5,7,3,8,2,4,9 C2=0,3,9,6,2,5,8,4,1,7
ICXfey{r_ PAIR C1=0,6,3,8,2,4,9,1,5,7 C2=0,3,7,1,4,8,5,2,6,9
ICXfc~kz? PAIR C1=0,6,1,9,4,7,5,2,8 C2=0,7,6,2,4,1,8,5,9
ICXevi{}? PAIR C1=0,3,9,4,6,1,7,2,5,8 C2=0,6,3,8,4,2,9,1,5,7
ICXevi{|? PAIR C1=0,3,9,5,2,8,4,6,1,7 C2=0,6,3,8,5,7,2,4,1,9
ICXevi{y_ PAIR C1=0,3,7,2,9,1,6,4,8 C2=0,7,1,4,2,8,3,6,9
ICXevi{u_ PAIR C1=0,3,9,1,6,4,8,2,5,7 C2=0,6,3,8,5,1,7,2,4,9
ICXevi{m_ PAIR C1=0,3,9,6,1,4,8,2,5,7 C2=0,6,3,8,5,1,7,2,4,9
ICXevi{x_ PAIR C1=0,3,6,1,9,5,8,2,7 C2=0,6,9,2,5,1,7,3,8
ICXevi{l_ PAIR C1=0,3,6,9,5,1,4,8,2,7 C2=0,8,5,2,4,6,1,7,3,9
ICXetvs}? PAIR C1=0,7,2,8,3,6,4,1,9 C2=0,3,9,2,4,7,6,1,8
ICXetnw}? PAIR C1=0,7,2,8,1,4,6,3,9 C2=0,3,7,6,1,9,2,4,8
ICXetnkz? PAIR C1=0,7,6,4,1,8,2,5,9 C2=0,6,1,9,4,2,7,5,8
ICZbfrMj_ PAIR C1=1,4,8,6,9,2,5 C2=1,6,2,4,9,5,8
ICZbfq]}? PAIR C1=0,5,1,4,8,6,3,9,2,7 C2=0,3,7,4,9,1,6,2,5,8
ICZbfq]z? PAIR C1=0,5,8,3,6,1,4,9,2,7 C2=0,3,7,4,8,6,2,5,1,9
ICZbfq]^? PAIR C1=0,5,8,4,1,6,3,9,2,7 C2=0,3,7,4,9,1,5,2,6,8
ICZbfq]x_ PAIR C1=0,5,2,9,6,3,8,4,1,7 C2=0,3,7,4,2,6,8,5,1,9
ICZbfq]t_ PAIR C1=0,7,2,5,9,3,6,1,4,8 C2=0,3,7,4,2,6,8,5,1,9
ICZbfq]r_ PAIR C1=0,7,2,5,9,4,1,6,3,8 C2=0,3,7,4,2,6,8,5,1,9
ICZbfq]Z_ PAIR C1=0,7,2,5,9,4,1,6,3,8 C2=0,3,7,1,9,6,2,4,8,5
ICZbfq]f_ PAIR C1=0,7,3,6,1,4,9,5,8 C2=0,3,9,6,8,4,7,1,5
ICZbfZYj_ PAIR C1=0,7,2,5,9,4,1,6,8 C2=0,5,7,1,8,4,2,6,9
ICZbey{}? PAIR C1=0,3,8,5,2,9,4,1,7 C2=0,5,1,9,3,7,4,2,8
ICZbezYf_ PAIR C1=0,7,5,1,6,8,3,9 C2=0,5,9,6,3,7,1,8
ICZbeyy}? PAIR C1=0,7,5,2,4,1,6,8,3,9 C2=0,5,1,7,3,6,2,9,4,8
ICZbeyyv? PAIR C1=0,3,9,4,1,6,8,2,5,7 C2=0,8,4,2,6,3,7,1,5,9
ICZbeyyn? PAIR C1=0,3,9,4,1,6,8,2,5,7 C2=0,8,4,2,6,3,7,1,5,9
ICZbeyyx_ PAIR C1=0,3,8,6,1,9,2,5,7 C2=0,8,2,6,3,7,1,5,9
ICZbeyyt_ PAIR C1=0,5,7,3,8,6,2,4,1,9 C2=0,3,9,6,1,5,2,8,4,7
ICZbeyyr_ PAIR C1=0,3,8,6,2,4,7,1,9,5 C2=0,7,3,6,9,4,1,5,2,8
ICZbc~ky_ PAIR C1=0,5,8,2,6,7,4,1,9 C2=0,7,5,1,6,9,2,4,8
ICZfbr[n? PAIR C1=0,5,8,3,7,4,1,6,2,9 C2=0,6,3,9,5,1,7,2,4,8
ICZfbr[m_ PAIR C1=0,5,8,3,7,2,4,1,6,9 C2=0,6,3,9,2,5,1,7,4,8
ICZfbr[j_ PAIR C1=0,5,8,3,7,2,4,1,6,9 C2=0,3,6,2,9,5,1,7,4,8
ICZfbr[N_ PAIR C1=0,5,8,3,7,2,4,1,6 C2=0,3,6,2,5,1,7,4,8
ICZfbr[mO PAIR C1=0,5,8,3,7,2,4,1,6 C2=0,3,6,2,5,1,7,4,8
ICZfbr[lO PAIR C1=0,5,8,3,7,2,4,1,6 C2=0,3,6,2,5,1,7,4,8
ICZfbr[ko PAIR C1=0,5,8,3,7,2,4,1,6 C2=0,3,6,2,5,1,7,4,8
ICZfbr[io PAIR C1=0,5,8,3,7,2,4,1,6 C2=0,3,6,2,5,1,7,4,8
ICZfbr[eo PAIR C1=0,5,8,3,7,2,4,1,6 C2=0,3,6,2,5,1,7,4,8
ICZfbr[Lo PAIR C1=0,5,8,3,7,2,4,1,6 C2=0,3,6,2,5,1,7,4,8
ICZfbr[bo PAIR C1=0,5,8,3,7,2,4,1,6 C2=0,3,6,2,5,1,7,4,8
ICZfbr[Jo PAIR C1=0,5,8,3,7,2,4,1,6 C2=0,3,6,2,5,1,7,4,8
ICZfbr[Fo PAIR C1=0,5,8,3,7,2,4,1,6 C2=0,3,6,2,5,1,7,4,8
ICZfbp\N_ PAIR C1=1,6,9,3,8,5,2,4,7 C2=1,4,8,7,3,6,2,9,5
ICZburkho PAIR C1=0,7,4,1,5,8,2,6,9 C2=0,5,2,9,7,1,6,4,8
ICZbuq{t_ PAIR C1=0,7,4,1,5,8,3,6,9 C2=0,5,9,3,7,1,6,4,8
ICZbuq{l_ PAIR C1=0,7,4,1,5,8,3,6,9 C2=0,5,9,3,7,1,6,4,8
ICZbuq{xO PAIR C1=0,7,4,2,6,3,8,5,1,9 C2=0,3,7,1,6,4,8,2,9,5
ICZbuq{lO PAIR C1=0,7,4,1,5,8,3,6,2,9 C2=0,5,9,3,7,1,6,4,2,8
ICZbuq{\O PAIR C1=0,7,9,3,6,2,4,1,5,8 C2=0,3,7,1,6,4,8,2,9,5
ICZbuq{wo PAIR C1=0,7,3,6,9,1,4,2,5,8 C2=0,3,8,2,9,7,4,6,1,5
ICZbuq{[o PAIR C1=0,7,3,6,9,1,4,2,5,8 C2=0,3,8,2,9,7,4,6,1,5
ICZbuq{po PAIR C1=0,7,3,6,1,4,2,5,8 C2=0,3,8,2,6,4,7,1,5
ICZbuq{To PAIR C1=0,7,3,6,1,4,2,5,8 C2=0,3,8,2,6,4,7,1,5
ICZbup{Lo PAIR C1=1,7,4,2,6,3,9,5,8 C2=1,4,6,9,7,3,8,2,5
ICZenPxj_ PAIR C1=0,5,2,9,4,7,1,6 C2=0,7,2,4,1,5,6,9
ICZelrw^? PAIR C1=0,5,2,8,3,7,4,1,6 C2=0,3,6,5,1,8,4,2,7
ICZelrw]_ PAIR C1=0,5,2,8,3,7,4,1,6 C2=0,3,6,5,1,8,4,2,7
ICZelrwZ_ PAIR C1=0,5,2,8,3,7,4,1,6 C2=0,3,6,5,1,8,4,2,7
ICZelrwN_ PAIR C1=0,5,2,8,3,7,4,1,6 C2=0,3,6,5,1,8,4,2,7
ICZelrw\O PAIR C1=0,5,2,8,3,7,4,1,6 C2=0,3,6,5,1,8,4,2,7
ICZelrwVO PAIR C1=0,5,2,8,3,7,4,1,6 C2=0,3,6,5,1,8,4,2,7
ICZelrwUo PAIR C1=0,5,2,8,3,7,4,1,6 C2=0,3,6,5,1,8,4,2,7
ICZelrwLo PAIR C1=0,5,2,8,3,7,4,1,6 C2=0,3,6,5,1,8,4,2,7
ICZelrwRo PAIR C1=0,5,2,8,3,7,4,1,6 C2=0,3,6,5,1,8,4,2,7
ICZelrwFo PAIR C1=0,5,2,8,3,7,4,1,6 C2=0,3,6,5,1,8,4,2,7
ICZelr[Uo PAIR C1=0,5,8,4,7,3,9,1,6 C2=0,7,9,4,1,5,6,3,8
ICZelp{y_ PAIR C1=0,3,8,2,7,4,1,5,6 C2=0,5,2,4,8,1,6,3,7
ICZelp{m_ PAIR C1=0,3,8,2,7,4,1,5,6 C2=0,5,2,4,8,1,6,3,7
ICZelp{{O PAIR C1=0,3,8,2,7,4,1,5,6 C2=0,5,2,4,8,1,6,3,7
ICZelp{uO PAIR C1=0,3,8,2,7,4,1,5,6 C2=0,5,2,4,8,1,6,3,7
ICZelp{mO PAIR C1=0,3,8,2,7,4,1,5,6 C2=0,5,2,4,8,1,6,3,7
ICZelp{]O PAIR C1=0,3,8,2,7,4,1,5,6 C2=0,5,2,4,8,1,6,3,7
ICZelp{ko PAIR C1=0,3,8,2,7,4,1,5,6 C2=0,5,2,4,8,1,6,3,7
ICZelp{[o PAIR C1=0,3,8,2,7,4,1,5,6 C2=0,5,2,4,8,1,6,3,7
ICZelp{qo PAIR C1=0,3,8,2,7,4,1,5,6 C2=0,5,2,4,8,1,6,3,7
ICZelp{io PAIR C1=0,3,8,2,7,4,1,5,6 C2=0,5,2,4,8,1,6,3,7
ICZelp{eo PAIR C1=0,3,8,2,7,4,1,5,6 C2=0,5,2,4,8,1,6,3,7
ICZelp{Uo PAIR C1=0,3,8,2,7,4,1,5,6 C2=0,5,2,4,8,1,6,3,7
ICZelp{Mo PAIR C1=0,3,8,2,7,4,1,5,6 C2=0,5,2,4,8,1,6,3,7
ICZelpyn? PAIR C1=0,3,8,2,7,4,1,5,6 C2=0,5,2,4,8,1,6,3,7
ICZelpy^? PAIR C1=0,3,8,2,7,4,1,5,6 C2=0,5,2,4,8,1,6,3,7
ICZelpyuO PAIR C1=0,3,8,2,7,4,1,5,6 C2=0,5,2,4,8,1,6,3,7
ICZelpymO PAIR C1=0,3,8,2,7,4,1,5,6 C2=0,5,2,4,8,1,6,3,7
ICZelpy]O PAIR C1=0,3,8,2,7,4,1,5,6 C2=0,5,2,4,8,1,6,3,7
ICZelpylO PAIR C1=0,3,8,2,7,4,1,5,6 C2=0,5,2,4,8,1,6,3,7
ICZelpy\O PAIR C1=0,3,8,2,7,4,1,5,6 C2=0,5,2,4,8,1,6,3,7
ICZelpyrO PAIR C1=0,3,8,2,7,4,1,5,6 C2=0,5,2,4,8,1,6,3,7
ICZelpyjO PAIR C1=0,3,8,2,7,4,1,5,6 C2=0,5,2,4,8,1,6,3,7
ICZelpyNO PAIR C1=0,3,8,2,7,4,1,5,6 C2=0,5,2,4,8,1,6,3,7
ICZelqxN_ PAIR C1=0,3,8,4,7,2,9,5,6 C2=0,5,2,4,9,6,3,7,8
ICZelpx|? PAIR C1=0,3,8,2,7,4,1,5,6 C2=0,5,2,4,8,1,6,3,7
ICZelpxv? PAIR C1=0,3,8,2,7,4,1,5,6 C2=0,5,2,4,8,1,6,3,7
ICZelpxx_ PAIR C1=0,3,8,2,7,4,1,5,6 C2=0,5,2,4,8,1,6,3,7
ICZelpxt_ PAIR C1=0,3,8,2,7,4,1,5,6 C2=0,5,2,4,8,1,6,3,7
ICZelpxl_ PAIR C1=0,3,8,2,7,4,1,5,6 C2=0,5,2,4,8,1,6,3,7
ICZelpx\_ PAIR C1=0,3,8,2,7,4,1,5,6 C2=0,5,2,4,8,1,6,3,7
ICZelpxr_ PAIR C1=0,3,8,2,7,4,1,5,6 C2=0,5,2,4,8,1,6,3,7
ICZelpxj_ PAIR C1=0,3,8,2,7,4,1,5,6 C2=0,5,2,4,8,1,6,3,7
ICZejrwn? PAIR C1=0,3,7,2,8,4,1,5,6 C2=0,5,2,4,7,1,6,3,8
ICZejrwm_ PAIR C1=0,3,7,2,8,4,1,5,6 C2=0,5,2,4,7,1,6,3,8
ICZejrwj_ PAIR C1=0,3,7,2,8,4,1,5,6 C2=0,5,2,4,7,1,6,3,8
ICZejrwN_ PAIR C1=0,3,7,2,8,4,1,5,6 C2=0,5,2,4,7,1,6,3,8
ICZejrwmO PAIR C1=0,3,7,2,8,4,1,5,6 C2=0,5,2,4,7,1,6,3,8
ICZejrwlO PAIR C1=0,3,7,2,8,4,1,5,6 C2=0,5,2,4,7,1,6,3,8
ICZejqy^? PAIR C1=0,3,7,2,8,4,1,5,6 C2=0,5,2,4,7,1,6,3,8
ICZejqyuO PAIR C1=0,3,7,2,8,4,1,5,6 C2=0,5,2,4,7,1,6,3,8
ICZejqymO PAIR C1=0,3,7,2,8,4,1,5,6 C2=0,5,2,4,7,1,6,3,8
ICZejqy]O PAIR C1=0,3,7,2,8,4,1,5,6 C2=0,5,2,4,7,1,6,3,8
ICZejqytO PAIR C1=0,3,7,2,8,4,1,5,6 C2=0,5,2,4,7,1,6,3,8
ICZejqy\O PAIR C1=0,3,7,2,8,4,1,5,6 C2=0,5,2,4,7,1,6,3,8
ICZejqyrO PAIR C1=0,3,7,2,8,4,1,5,6 C2=0,5,2,4,7,1,6,3,8
ICZejqyjO PAIR C1=0,3,7,2,8,4,1,5,6 C2=0,5,2,4,7,1,6,3,8
ICZejqyZO PAIR C1=0,3,7,2,8,4,1,5,6 C2=0,5,2,4,7,1,6,3,8
ICZejqyVO PAIR C1=0,3,7,2,8,4,1,5,6 C2=0,5,2,4,7,1,6,3,8
ICZejqyNO PAIR C1=0,3,7,2,8,4,1,5,6 C2=0,5,2,4,7,1,6,3,8
ICZejpyNO PAIR C1=1,4,7,2,8,3,9,5,6 C2=1,5,2,4,9,7,3,6,8
ICZejpxN_ PAIR C1=1,4,7,2,8,3,9,5,6 C2=1,5,2,4,9,6,3,7,8
ICZbmrwn? PAIR C1=0,3,9,5,1,6,2,8,4,7 C2=0,8,1,7,3,6,5,2,4,9
ICZbmrwl_ PAIR C1=0,3,9,5,1,6,2,8,4,7 C2=0,8,3,7,1,4,2,5,6,9
ICZbmrwf_ PAIR C1=0,3,9,5,1,6,2,8,4,7 C2=0,8,3,7,1,4,2,5,6,9
ICZbmqu{O PAIR C1=0,3,8,5,2,6,1,7,9 C2=0,7,3,6,5,1,9,2,8
ICZbmqx}? PAIR C1=0,5,2,6,1,4,9,3,8,7 C2=0,3,6,5,1,7,4,8,2,9
ICZbmqxx_ PAIR C1=0,3,7,8,4,1,9,6,2,5 C2=0,8,3,6,5,1,7,4,2,9
ICZbmqxt_ PAIR C1=0,3,7,8,4,1,9,6,2,5 C2=0,8,2,4,7,1,5,6,3,9
ICZVFqu\_ PAIR C1=0,7,2,6,1,9,5,3,8 C2=0,3,7,1,5,8,2,9,6
ICZVFq]]_ PAIR C1=0,3,5,1,9,4,8,6,2,7 C2=0,5,8,3,7,1,4,2,9,6
ICZVFp]m_ PAIR C1=0,3,9,4,8,5,1,6,2,7 C2=0,5,3,8,1,7,4,2,9,6
ICZVFo}}? PAIR C1=0,5,1,9,3,8,6,2,7 C2=0,6,1,7,3,5,8,2,9
ICZVFo}v? PAIR C1=0,3,7,4,2,8,6,1,9,5 C2=0,6,2,7,1,4,8,5,3,9
ICZVFo}n? PAIR C1=0,3,7,4,9,2,8,6,1,5 C2=0,6,2,7,1,4,8,5,3,9
ICZVFo}{_ PAIR C1=0,3,7,4,2,8,6,9,1,5 C2=0,6,2,7,1,4,8,5,3,9
ICZVFo}u_ PAIR C1=0,3,7,4,2,8,6,9,1,5 C2=0,6,2,7,1,4,8,5,3,9
ICZVFo}x_ PAIR C1=0,3,8,2,4,7,1,6,9,5 C2=0,6,8,4,1,5,3,7,2,9
ICZVFo}t_ PAIR C1=0,3,9,6,8,2,7,4,1,5 C2=0,7,3,5,8,4,2,6,1,9
ICZVFXyj_ PAIR C1=0,5,9,2,7,4,1,8,6 C2=0,7,5,1,6,2,8,4,9
ICZVExym_ PAIR C1=0,3,8,6,1,5,7,4,2,9 C2=0,5,3,9,6,2,8,4,1,7
ICZVDx{}? PAIR C1=0,3,8,1,9,2,4,7,5 C2=0,7,2,8,4,1,5,3,9
ICZVDziZ_ PAIR C1=0,5,7,4,2,9,1,8,6 C2=0,7,2,6,9,5,1,4,8
ICZVDxyz? PAIR C1=0,5,7,4,9,2,8,1,6 C2=0,7,2,6,8,4,1,5,9
ICZVDxyv? PAIR C1=0,3,9,4,7,5,1,8,2,6 C2=0,7,2,4,1,6,8,3,5,9
ICZVDxyn? PAIR C1=0,3,9,4,7,5,1,8,2,6 C2=0,7,2,4,1,6,8,3,5,9
ICZVDxyu_ PAIR C1=0,5,1,6,8,2,4,9,3,7 C2=0,6,2,7,5,3,8,4,1,9
ICZVDxy]_ PAIR C1=0,5,1,6,8,2,4,9,3,7 C2=0,3,5,7,4,8,1,9,2,6
ICZVDxyx_ PAIR C1=0,6,2,9,5,1,4,8,3,7 C2=0,3,5,7,4,2,8,6,1,9
ICZVDxyt_ PAIR C1=0,6,1,4,8,2,7,3,5,9 C2=0,3,9,1,8,6,2,4,7,5
ICZVByyz? PAIR C1=0,6,2,7,5,3,8,4,1,9 C2=0,3,7,4,2,9,5,1,6,8
ICZVByyv? PAIR C1=0,6,2,7,5,1,4,8,3,9 C2=0,3,7,4,2,8,6,1,9,5
ICZVByyn? PAIR C1=0,6,2,7,5,1,4,8,3,9 C2=0,3,5,9,2,4,7,1,6,8
ICZVByy^? PAIR C1=0,6,2,7,5,3,9,1,4,8 C2=0,3,8,6,1,7,4,2,9,5
ICZVByy{_ PAIR C1=0,6,2,7,5,1,4,8,3,9 C2=0,5,3,7,4,2,9,1,6,8
ICZVByyu_ PAIR C1=0,6,2,7,3,8,4,1,9 C2=0,3,9,6,1,7,4,2,8
ICZVByyx_ PAIR C1=0,6,2,7,4,8,3,5,1,9 C2=0,3,7,1,4,2,8,6,9,5
ICZVByyt_ PAIR C1=0,6,2,7,4,8,3,5,1,9 C2=0,3,7,1,4,2,8,6,9,5
ICZVFT{j_ PAIR C1=0,5,1,8,4,2,7,6,9 C2=0,6,2,8,5,9,4,1,7
ICZVEu{V_ PAIR C1=0,3,9,6,7,1,5 C2=0,6,1,9,5,3,7
ICZVBt{N_ PAIR C1=1,5,3,9,6,2,8,4,7 C2=1,4,2,9,5,8,3,7,6
ICZTfji\_ PAIR C1=0,6,9,2,8,1,5,7 C2=0,5,9,1,7,2,6,8
ICZTfX{}? PAIR C1=0,3,5,7,4,1,8,2,9 C2=0,5,1,9,3,8,4,2,7
ICZTfZiZ_ PAIR C1=0,5,7,4,8,1,9,2,6 C2=0,7,2,4,1,5,9,6,8
ICZTfXyz? PAIR C1=0,6,2,4,7,5,3,8,1,9 C2=0,3,6,8,2,7,1,4,9,5
ICZTfXyn? PAIR C1=0,6,2,7,5,3,8,1,4,9 C2=0,3,6,8,4,2,9,5,1,7
ICZTfXyx_ PAIR C1=0,5,1,7,2,4,8,3,6,9 C2=0,3,5,9,2,6,8,1,4,7
ICZTfXyt_ PAIR C1=0,5,1,7,2,4,8,3,6,9 C2=0,3,9,5,7,4,1,8,2,6
ICZTfXyr_ PAIR C1=0,7,5,1,4,2,8,3,6,9 C2=0,3,5,9,1,8,4,7,2,6
ICZTfXyj_ PAIR C1=0,6,3,8,4,2,9,5,1,7 C2=0,3,5,7,4,1,8,2,6,9
ICZTeziV_ PAIR C1=0,7,4,1,5,9,3,6,8 C2=0,3,5,7,1,8,4,9,6
ICZTfNw\_ PAIR C1=0,6,7,1,5,3,9,2,8 C2=0,3,8,1,9,6,2,7,5
ICZTfL{]_ PAIR C1=0,3,9,2,8,5,1,7,6 C2=0,5,3,8,1,9,6,2,7
ICZTb^w}? PAIR C1=0,5,3,6,7,1,8,2,9 C2=0,6,2,7,5,1,9,3,8
ICZTb^wv? PAIR C1=0,6,7,4,2,8,1,5,3,9 C2=0,3,6,2,7,5,9,1,4,8
ICZTb^wn? PAIR C1=0,3,9,4,1,8,2,6,7,5 C2=0,6,3,8,4,2,7,1,5,9
ICZTb^wx_ PAIR C1=0,3,5,7,6,2,8,4,1,9 C2=0,5,9,2,4,7,1,8,3,6
ICZTb^wt_ PAIR C1=0,3,5,7,6,2,4,8,1,9 C2=0,5,1,4,7,2,8,3,9,6
ICZTb^wZ_ PAIR C1=0,3,5,9,1,4,8,2,7,6 C2=0,5,1,7,4,2,9,6,3,8
ICZTb^wf_ PAIR C1=0,3,5,9,4,8,2,7,6 C2=0,5,7,4,2,6,9,3,8
ICZTb^s{_ PAIR C1=0,3,5,7,6,2,8,1,9 C2=0,5,1,7,2,9,6,3,8
ICZTb^[u_ PAIR C1=0,3,5,8,4,9,1,7,6 C2=0,5,7,4,1,8,3,6,9
ICZVfQu\O PAIR C1=0,5,8,2,7,9,1,6 C2=0,7,1,5,9,2,6,8
ICZVfQuZO PAIR C1=0,5,8,2,7,9,1,6 C2=0,7,1,5,9,2,6,8
ICZVfQ]]O PAIR C1=0,3,9,7,2,4,8,5,1,6 C2=0,5,3,8,6,2,9,4,1,7
ICZVRrkho PAIR C1=0,5,9,7,2,4,8,1,6 C2=0,8,5,1,7,4,6,2,9
ICZVRr[ko PAIR C1=0,5,3,8,1,6,4,2,7,9 C2=0,6,2,9,3,7,4,1,5,8
ICZVRq{|? PAIR C1=0,3,8,4,6,1,7,2,9,5 C2=0,6,2,8,5,1,4,7,3,9
ICZVRq{x_ PAIR C1=0,6,4,2,7,1,9,5,3,8 C2=0,3,7,4,1,5,8,2,6,9
ICZVRq{l_ PAIR C1=0,5,9,3,8,4,2,7,1,6 C2=0,3,7,4,1,5,8,2,6,9
ICZVRq{\_ PAIR C1=0,5,9,1,6,4,2,7,3,8 C2=0,3,5,1,7,4,8,2,9,6
ICZVRq{wo PAIR C1=0,5,8,3,7,2,4,6,1,9 C2=0,3,5,1,7,4,8,2,9,6
ICZVRq{so PAIR C1=0,5,8,3,9,7,2,4,1,6 C2=0,3,5,1,7,4,8,2,6,9
ICZVRq{ko PAIR C1=0,5,8,3,9,7,2,4,1,6 C2=0,3,5,1,7,4,8,2,6,9
ICZVRq{po PAIR C1=0,3,8,5,9,7,2,4,6 C2=0,5,3,7,4,8,2,6,9
ICZVRq{Xo PAIR C1=0,5,8,3,7,9,2,4,6 C2=0,3,5,9,6,2,7,4,8
ICZVRquz? PAIR C1=0,5,8,3,7,2,4,9,1,6 C2=0,3,5,1,7,4,6,8,2,9
ICZVRqu^? PAIR C1=0,5,3,7,2,4,9,1,6,8 C2=0,3,8,2,9,5,1,7,4,6
ICZVRqu{O PAIR C1=0,6,1,4,2,7,3,5,8 C2=0,3,8,2,6,4,7,1,5
ICZVRquyO PAIR C1=0,6,1,4,2,7,3,5,8 C2=0,3,8,2,6,4,7,1,5
ICZVRquuO PAIR C1=0,6,1,4,2,7,3,5,8 C2=0,3,8,2,6,4,7,1,5
ICZVRqumO PAIR C1=0,6,1,4,2,7,3,5,8 C2=0,3,8,2,6,4,7,1,5
ICZVRquxO PAIR C1=0,6,1,4,2,7,3,5,8 C2=0,3,8,2,6,4,7,1,5
ICZVRqulO PAIR C1=0,6,1,4,2,7,3,5,8 C2=0,3,8,2,6,4,7,1,5
ICZVRqu\O PAIR C1=0,6,1,4,2,7,3,5,8 C2=0,3,8,2,6,4,7,1,5
ICZVRqurO PAIR C1=0,6,1,4,2,7,3,5,8 C2=0,3,8,2,6,4,7,1,5
ICZVRquVO PAIR C1=0,6,1,4,2,7,3,5,8 C2=0,3,8,2,6,4,7,1,5
ICZVRquNO PAIR C1=0,6,1,4,2,7,3,5,8 C2=0,3,8,2,6,4,7,1,5
ICZTvbiVO PAIR C1=0,5,3,7,1,9,4,2,8,6 C2=0,3,6,2,7,9,5,1,4,8
ICZTvbM]O PAIR C1=0,3,7,2,6,4,9,1,8,5 C2=0,6,3,5,1,7,9,2,4,8
ICZTvbLV_ PAIR C1=0,5,3,9,6,4,1,8,7 C2=0,6,3,7,1,5,9,4,8
ICZTnRw^? PAIR C1=0,6,2,8,3,5,9,1,4,7 C2=0,3,6,5,1,7,2,9,4,8
ICZTnRwZ_ PAIR C1=0,6,2,8,3,5,9,1,4,7 C2=0,3,6,5,1,7,2,9,4,8
ICZTnRw\O PAIR C1=0,6,2,8,3,5,1,9,7 C2=0,3,6,5,9,2,7,1,8
ICZTnRwNO PAIR C1=0,3,8,1,4,7,9,2,6,5 C2=0,6,3,9,5,1,7,2,4,8
ICZTnRwXo PAIR C1=0,6,5,3,8,2,9,1,4,7 C2=0,3,6,9,5,1,7,2,4,8
ICZTnRwTo PAIR C1=0,5,6,2,8,3,9,1,4,7 C2=0,3,6,9,5,1,7,2,4,8
ICZTnPu{O PAIR C1=0,3,5,6,2,8,1,9,7 C2=0,6,3,8,5,1,7,2,9
ICZTnPuyO PAIR C1=0,3,5,6,2,8,1,9,7 C2=0,6,3,8,5,1,7,2,9
ICZTnPx}? PAIR C1=0,5,6,2,8,3,9,1,4,7 C2=0,6,3,5,1,7,8,4,2,9
ICZTnPx|? PAIR C1=0,5,6,2,8,3,9,1,4,7 C2=0,6,3,5,1,7,8,4,2,9
ICZTnPxv? PAIR C1=0,3,8,4,1,9,5,6,2,7 C2=0,6,3,5,1,7,8,2,4,9
ICZTnPxn? PAIR C1=0,6,2,9,5,3,8,1,4,7 C2=0,3,6,5,1,7,8,2,4,9
ICZTnPxx_ PAIR C1=0,6,2,8,3,5,9,1,7 C2=0,3,6,5,1,8,7,2,9
ICZTnPxt_ PAIR C1=0,6,5,3,9,1,8,2,4,7 C2=0,3,6,2,7,8,4,1,5,9
ICZTnPxr_ PAIR C1=0,5,6,9,4,2,8,1,7 C2=0,6,2,7,8,4,1,5,9
ICZTnPxf_ PAIR C1=0,5,6,9,4,2,8,1,7 C2=0,6,2,7,8,4,1,5,9
ICZLfp{|? PAIR C1=0,7,3,8,1,5,4,2,9 C2=0,3,9,1,4,7,2,8,5
ICZLfp{l_ PAIR C1=0,7,3,8,1,5,4,2,6,9 C2=0,5,8,4,1,7,2,9,3,6
ICZLfpu}? PAIR C1=0,7,3,8,6,2,4,5,1,9 C2=0,5,8,1,4,7,2,9,3,6
ICZLfpu|? PAIR C1=0,7,3,8,6,2,4,5,1,9 C2=0,5,8,1,4,7,2,9,3,6
ICZLfpuv? PAIR C1=0,3,6,8,2,7,4,5,1,9 C2=0,6,2,4,1,8,5,9,3,7
ICZLfpun? PAIR C1=0,6,8,3,7,1,5,4,2,9 C2=0,5,9,3,6,2,8,1,4,7
ICZLfpuy_ PAIR C1=0,6,8,2,9,4,5,1,7 C2=0,5,8,1,4,7,2,6,9
ICZLfpur_ PAIR C1=0,6,8,2,4,9,5,1,7 C2=0,5,8,1,4,7,2,6,9
ICZLfpuj_ PAIR C1=0,6,8,2,4,9,5,1,7 C2=0,5,8,1,4,7,2,6,9
ICZLdzqN_ PAIR C1=0,3,7,5,9,4,2,8,6 C2=0,5,4,7,2,9,6,3,8
ICZLbzsm_ PAIR C1=0,3,9,4,7,2,8,5 C2=0,8,3,7,5,4,2,9
ICZLbzq}? PAIR C1=0,3,9,4,2,7,5,1,8 C2=0,5,4,1,7,3,8,2,9
ICZLbzq|? PAIR C1=0,6,2,4,7,5,1,9,3,8 C2=0,5,4,1,7,3,6,8,2,9
ICZLbzqv? PAIR C1=0,6,2,7,4,5,9,3,8 C2=0,5,7,3,6,8,2,4,9
ICZLbzqn? PAIR C1=0,6,2,7,4,5,9,3,8 C2=0,5,7,3,6,8,2,4,9
ICZLbzqy_ PAIR C1=0,6,2,8,1,5,7,4,9 C2=0,5,4,1,7,2,9,6,8
ICZLbzqu_ PAIR C1=0,3,7,4,2,8,1,9,6 C2=0,8,3,6,2,7,1,4,9
ICZLbzq]_ PAIR C1=0,3,6,9,4,7,2,8,1,5 C2=0,6,2,9,1,4,5,7,3,8
ICZLbzqr_ PAIR C1=0,3,6,9,4,7,2,8,1,5 C2=0,6,2,4,1,9,5,7,3,8
ICZLbzqj_ PAIR C1=0,3,6,9,4,7,2,8,1,5 C2=0,6,2,9,5,4,1,7,3,8
ICZLevsV_ PAIR C1=0,3,7,6,9,4,1,5,8 C2=0,6,3,8,1,9,5,4,7
ICZLbvs}? PAIR C1=0,3,7,6,2,8,5,1,4,9 C2=0,5,4,7,2,9,1,8,3,6
ICZLbvs|? PAIR C1=0,3,7,6,2,8,5,1,9 C2=0,5,9,2,7,1,8,3,6
ICZLbvsz? PAIR C1=0,3,7,6,2,8,5,1,9 C2=0,5,9,2,7,1,8,3,6
ICZLbvsv? PAIR C1=0,3,6,7,4,2,8,5,1,9 C2=0,5,9,4,1,8,3,7,2,6
ICZLbvsn? PAIR C1=0,6,3,8,5,1,7,2,4,9 C2=0,3,7,6,2,9,5,4,1,8
ICZLbvsy_ PAIR C1=0,5,8,3,7,1,4,2,6,9 C2=0,3,6,7,2,9,4,5,1,8
ICZLbvs]_ PAIR C1=0,3,6,9,4,2,7,1,8,5 C2=0,6,2,9,1,5,4,7,3,8
ICZLbvsj_ PAIR C1=0,3,6,9,4,2,7,1,8,5 C2=0,6,2,9,5,1,4,7,3,8
ICZLbvkx_ PAIR C1=0,5,8,1,4,2,7,6,9 C2=0,6,2,9,5,1,7,4,8
ICZLbt{\_ PAIR C1=1,7,3,9,6,2,4,5,8 C2=1,4,8,3,6,7,2,9,5
ICZJfq{|? PAIR C1=0,5,8,4,2,7,3,9 C2=0,3,8,2,9,5,4,7
ICZJfqu}? PAIR C1=0,8,5,1,4,2,7,3,9 C2=0,3,8,2,9,1,7,4,5
ICZJfquz? PAIR C1=0,5,4,2,9,1,6,8,3,7 C2=0,3,6,2,7,1,4,9,5,8
ICZJfquv? PAIR C1=0,5,4,2,7,3,8,6,1,9 C2=0,3,6,2,8,5,9,4,1,7
ICZJfquu_ PAIR C1=0,5,4,2,7,3,9,1,6,8 C2=0,3,6,2,8,5,1,7,4,9
ICZJfqu]_ PAIR C1=0,5,4,1,9,3,7,2,6,8 C2=0,3,6,1,5,8,2,9,4,7
ICZJfqux_ PAIR C1=0,3,8,6,2,9,1,7,4,5 C2=0,7,3,6,1,4,2,8,5,9
ICZJfqut_ PAIR C1=0,5,4,7,2,8,6,1,9 C2=0,7,1,4,2,6,9,5,8
ICZJfqul_ PAIR C1=0,3,8,2,6,1,7,4,5,9 C2=0,7,3,6,9,2,4,1,5,8
ICZJfquj_ PAIR C1=0,3,8,2,6,1,7,4,5,9 C2=0,7,3,6,9,2,4,1,5,8
ICZJfquZ_ PAIR C1=0,3,8,2,6,1,7,4,9,5 C2=0,7,3,6,9,2,4,1,5,8
ICZJfquV_ PAIR C1=1,4,5,9,3,8,6,2,7 C2=1,5,8,2,4,7,3,6,9
ICZJfquN_ PAIR C1=1,6,8,3,9,5,4,2,7 C2=1,4,7,3,6,9,2,8,5
ICZJfZqj_ PAIR C1=0,5,4,7,1,8,2,6,9 C2=0,7,5,9,2,4,1,6,8
ICZJdzq}? PAIR C1=0,5,4,9,3,8,1,6,2,7 C2=0,8,6,3,7,5,1,4,2,9
ICZJdzqz? PAIR C1=0,5,4,9,2,6,1,8,3,7 C2=0,3,6,8,2,7,4,1,5,9
ICZJdzqn? PAIR C1=0,5,4,9,2,6,1,8,3,7 C2=0,3,6,8,2,7,4,1,5,9
ICZJdzq{_ PAIR C1=0,8,1,5,4,7,3,6,2,9 C2=0,3,8,6,9,1,4,2,7,5
ICZJdzqu_ PAIR C1=0,7,3,6,2,8,1,5,4,9 C2=0,3,8,6,9,1,4,2,7,5
ICZJdzqx_ PAIR C1=0,8,1,5,4,7,3,6,2,9 C2=0,3,8,6,9,1,4,2,7,5
ICZJdzqt_ PAIR C1=0,7,4,5,1,8,2,6,3,9 C2=0,3,8,6,9,1,4,2,7,5
ICZJdzqj_ PAIR C1=0,7,3,6,2,8,1,5,4,9 C2=0,3,8,6,1,4,7,2,9,5
ICZJdzqV_ PAIR C1=0,7,3,9,1,5,4,2,6,8 C2=0,3,8,2,7,4,1,6,9,5
ICZJdzqN_ PAIR C1=1,5,4,7,2,9,3,6,8 C2=1,4,2,8,3,7,5,9,6
ICZJfVsl_ PAIR C1=0,7,1,6,3,9,2,4,5,8 C2=0,3,8,2,6,7,4,1,5,9
ICZJdvs}? PAIR C1=0,7,3,9,1,6,2,4,5,8 C2=0,5,1,4,7,6,3,8,2,9
ICZJdvsz? PAIR C1=0,7,3,6,1,9,2,4,5,8 C2=0,3,8,2,6,7,4,1,5,9
ICZJdvsy_ PAIR C1=0,8,5,1,6,3,7,4,2,9 C2=0,3,8,2,7,6,9,1,4,5
ICZJdvs]_ PAIR C1=0,7,4,2,9,3,6,1,5,8 C2=0,3,8,2,7,6,9,1,4,5
ICZJdvsx_ PAIR C1=0,8,5,1,6,3,7,4,2,9 C2=0,3,8,2,7,6,9,1,4,5
ICZJdvst_ PAIR C1=0,8,5,1,6,2,4,7,3,9 C2=0,3,8,2,7,6,9,1,4,5
ICZJdvsj_ PAIR C1=0,8,1,6,3,7,2,4,5,9 C2=0,3,8,2,9,6,7,4,1,5
ICZJdvsV_ PAIR C1=0,7,2,6,3,9,5,4,1,8 C2=0,3,8,2,4,7,6,9,1,5
ICZJdvsN_ PAIR C1=0,7,3,9,5,4,2,6,1,8 C2=0,3,8,2,9,6,7,4,1,5
ICZJdvkx_ PAIR C1=0,7,2,4,5,8,1,6,9 C2=0,5,9,1,4,7,6,2,8
ICZJdvq}? PAIR C1=0,7,3,8,1,6,2,4,9 C2=0,3,6,7,4,1,9,2,8
ICZJduun? PAIR C1=0,7,3,6,2,8,5,4,9 C2=0,3,8,6,7,4,2,9,5
ICZJbvsN_ PAIR C1=1,5,4,9,3,7,6,2,8 C2=1,4,7,2,9,5,8,3,6
ICZJbu{\_ PAIR C1=1,5,4,8,2,6,7,3,9 C2=1,6,3,8,5,9,2,4,7
ICZJbuu^? PAIR C1=1,4,2,8,5,9,3,6,7 C2=1,5,4,7,3,8,6,2,9
ICZJfNwj_ PAIR C1=1,5,9,4,2,6,7 C2=1,4,5,7,2,9,6
ICZJdnky_ PAIR C1=0,7,2,6,1,8,5,4,9 C2=0,5,7,6,9,1,4,2,8
ICZJdnq|? PAIR C1=0,5,9,3,8,1,6,2,7 C2=0,3,6,7,5,1,9,2,8
ICZJd^s{_ PAIR C1=0,5,8,1,6,3,9,2,7 C2=0,3,8,2,6,7,5,1,9
ICZJ`~w\_ PAIR C1=1,6,9,5,4,2,7,3,8 C2=1,4,8,2,9,3,6,7,5
ICZMtjqVO PAIR C1=0,5,9,7,3,8,1,6 C2=0,7,5,1,9,3,6,8
ICZLvH{wo PAIR C1=0,5,4,1,7,2,6,9 C2=0,6,4,2,9,1,5,7
ICZJvbsn? PAIR C1=0,3,9,5,4,2,7,1,8 C2=0,5,1,4,9,2,8,3,7
ICZJvbsl_ PAIR C1=0,5,4,1,8,2,6,9,3,7 C2=0,8,3,6,4,2,7,1,5,9
ICZJvbsmO PAIR C1=0,8,2,4,5,1,7,9 C2=0,5,8,1,4,9,2,7
ICZJvbsjO PAIR C1=0,8,2,4,5,1,7,9 C2=0,5,8,1,4,9,2,7
ICZJvbsNO PAIR C1=0,3,9,5,4,2,7,1,8 C2=0,5,1,4,9,2,8,3,7
ICZJvbsLo PAIR C1=0,7,1,4,2,6,3,9,5,8 C2=0,3,7,9,2,8,1,6,4,5
ICZJva{{O PAIR C1=0,3,6,2,8,5,4,1,7 C2=0,5,1,6,4,2,7,3,8
ICZJva{tO PAIR C1=0,3,6,2,8,5,4,1,7 C2=0,5,1,6,4,2,7,3,8
ICZJva{lO PAIR C1=0,3,6,2,8,5,4,1,7 C2=0,5,1,6,4,2,7,3,8
ICZJva{\O PAIR C1=0,3,6,2,8,5,4,1,7 C2=0,5,1,6,4,2,7,3,8
ICZJva{so PAIR C1=0,3,6,2,8,5,4,1,7 C2=0,5,1,6,4,2,7,3,8
ICZJva{[o PAIR C1=0,3,6,2,8,5,4,1,7 C2=0,5,1,6,4,2,7,3,8
ICZJva{ho PAIR C1=0,3,6,2,8,5,4,1,7 C2=0,5,1,6,4,2,7,3,8
ICZJvbejO PAIR C1=0,8,5,4,1,7,2,9 C2=0,5,1,8,2,4,9,7
ICZJvatz? PAIR C1=0,8,5,4,1,7,2,9 C2=0,5,1,9,4,2,8,7
ICZJvat^? PAIR C1=0,3,9,2,7,1,4,5,8 C2=0,5,1,9,4,2,8,3,7
ICZJvatu_ PAIR C1=0,3,6,2,7,1,4,5,8 C2=0,5,1,6,4,2,8,3,7
ICZJvat]_ PAIR C1=0,3,6,2,7,1,4,5,8 C2=0,5,1,6,4,2,8,3,7
ICZJvatx_ PAIR C1=0,3,6,2,7,1,4,5,8 C2=0,5,1,6,4,2,8,3,7
ICZJvat\_ PAIR C1=0,3,6,2,7,1,4,5,8 C2=0,5,1,6,4,2,8,3,7
ICZJvatj_ PAIR C1=0,3,6,2,7,1,4,5,8 C2=0,5,1,6,4,2,8,3,7
ICZJvatZ_ PAIR C1=0,3,6,2,7,1,4,5,8 C2=0,5,1,6,4,2,8,3,7
ICZJvatV_ PAIR C1=0,3,6,2,7,1,4,5,8 C2=0,5,1,6,4,2,8,3,7
ICZJvatN_ PAIR C1=0,3,6,2,7,1,4,5,8 C2=0,5,1,6,4,2,8,3,7
ICZJtjwt_ PAIR C1=0,3,6,9,5,4,1,8 C2=0,5,1,6,4,8,3,9
ICZJtjwl_ PAIR C1=0,3,6,9,5,4,1,8 C2=0,5,1,6,4,8,3,9
ICZJtjw{O PAIR C1=0,7,3,6,2,9,1,4,8 C2=0,3,8,1,6,4,2,7,9
ICZJtjwlO PAIR C1=1,4,8,3,6,2,7,9,5 C2=1,6,4,5,7,3,9,2,8
ICZJtjw\O PAIR C1=1,4,8,3,6,2,7,9,5 C2=1,6,4,5,7,3,9,2,8
ICZJtjwso PAIR C1=0,7,9,3,6,2,4,1,8 C2=0,3,7,2,8,4,6,1,9
ICZJtjwho PAIR C1=0,7,2,4,5,1,8,3,6,9 C2=0,3,7,5,9,2,6,1,4,8
ICZJtjwXo PAIR C1=0,3,8,1,5,4,2,6,9,7 C2=0,5,9,2,7,3,6,1,4,8
ICZJtjwdo PAIR C1=0,3,8,1,5,4,2,6,9,7 C2=0,5,7,2,8,4,1,6,3,9
ICZJtjwLo PAIR C1=0,3,8,2,4,5,1,6,9,7 C2=0,5,9,3,7,2,6,4,1,8
ICZJtjs}? PAIR C1=0,3,8,5,4,2,6,1,9 C2=0,5,1,4,6,3,9,2,8
ICZJtjs{_ PAIR C1=0,3,8,5,4,2,6,1,9 C2=0,5,1,4,6,3,9,2,8
ICZJtjsm_ PAIR C1=0,3,8,5,1,4,6,9 C2=0,5,4,9,3,6,1,8
ICZJtjsyO PAIR C1=0,3,8,2,6,4,1,5,7,9 C2=0,7,3,6,1,9,2,4,5,8
ICZJtjs]O PAIR C1=1,4,6,2,8,3,9,7,5 C2=1,6,3,7,2,9,4,5,8
ICZJtjswo PAIR C1=0,3,8,2,6,4,1,5,7 C2=0,5,4,2,7,3,6,1,8
ICZJtjs[o PAIR C1=0,3,8,2,6,4,1,5,7 C2=0,5,4,2,7,3,6,1,8
ICZJtjsio PAIR C1=0,3,8,2,6,4,1,5,7 C2=0,5,4,2,7,3,6,1,8
ICZJtjsUo PAIR C1=0,3,8,2,6,4,1,5,7 C2=0,5,4,2,7,3,6,1,8
ICZJtjsMo PAIR C1=0,3,8,2,6,4,1,5,7 C2=0,5,4,2,7,3,6,1,8
ICZJtjkwo PAIR C1=0,8,2,6,4,1,5,7,9 C2=0,5,4,8,1,6,9,2,7
ICZJtjqv? PAIR C1=0,3,6,2,8,1,4,5,7 C2=0,5,1,6,4,2,7,3,8
ICZJtjqn? PAIR C1=0,3,6,2,8,1,4,5,7 C2=0,5,1,6,4,2,7,3,8
ICZJtjq{O PAIR C1=0,3,6,2,8,1,4,5,7 C2=0,5,1,6,4,2,7,3,8
ICZJtjqxO PAIR C1=0,3,6,2,8,1,4,5,7 C2=0,5,1,6,4,2,7,3,8
ICZJtjqtO PAIR C1=0,3,6,2,8,1,4,5,7 C2=0,5,1,6,4,2,7,3,8
ICZJtjq\O PAIR C1=0,3,6,2,8,1,4,5,7 C2=0,5,1,6,4,2,7,3,8
ICZJtjqrO PAIR C1=0,3,6,2,8,1,4,5,7 C2=0,5,1,6,4,2,7,3,8
ICZJtjqjO PAIR C1=0,3,6,2,8,1,4,5,7 C2=0,5,1,6,4,2,7,3,8
ICZJtjTu_ PAIR C1=0,7,5,4,1,8,3,6,9 C2=0,5,1,6,4,9,3,7,8
ICZMn`{mO PAIR C1=0,6,3,8,5,1,4,2,9,7 C2=0,3,9,4,8,2,7,1,6,5
ICZLnbw^? PAIR C1=0,3,8,2,9,4,5,1,7 C2=0,5,9,3,7,2,4,1,8
ICZLnbw]_ PAIR C1=0,6,3,8,2,9,4,5,1,7 C2=0,5,6,2,7,3,9,1,4,8
ICZLnbwV_ PAIR C1=0,3,8,1,5,4,9,6 C2=0,5,6,3,9,1,4,8
ICZLnbw]O PAIR C1=0,3,8,2,4,9,7,1,5,6 C2=0,5,4,8,1,9,2,6,3,7
ICZLnbwNO PAIR C1=0,3,8,2,4,9,7,1,5,6 C2=0,7,3,6,2,9,5,4,1,8
ICZLnbwXo PAIR C1=0,3,8,4,2,6,9,7,1,5 C2=0,7,3,6,5,4,1,9,2,8
ICZLnbwTo PAIR C1=0,3,8,2,4,5,1,7,9,6 C2=0,5,6,2,7,3,9,1,4,8
ICZLnbwLo PAIR C1=0,3,6,9,7,1,8,2,4,5 C2=0,7,3,9,2,6,5,1,4,8
ICZLnbwJo PAIR C1=0,5,1,4,2,8,3,7,9,6 C2=0,3,6,2,9,5,4,8,1,7
ICZLnbkYo PAIR C1=0,6,9,4,2,8,5,1,7 C2=0,5,6,2,7,9,1,4,8
ICZLn`{u_ PAIR C1=0,3,7,1,5,8,2,4,9,6 C2=0,5,4,8,1,9,3,6,2,7
ICZLn`{{O PAIR C1=0,3,7,1,8,2,4,5,6 C2=0,5,1,4,8,3,6,2,7
ICZLn`{uO PAIR C1=0,3,7,1,8,2,4,5,6 C2=0,5,1,4,8,3,6,2,7
ICZLn`{mO PAIR C1=0,3,7,1,8,2,4,5,6 C2=0,5,1,4,8,3,6,2,7
ICZLn`{]O PAIR C1=0,3,7,1,8,2,4,5,6 C2=0,5,1,4,8,3,6,2,7
ICZLn`{wo PAIR C1=0,3,7,1,8,2,4,5,6 C2=0,5,1,4,8,3,6,2,7
ICZLn`{so PAIR C1=0,3,7,1,8,2,4,5,6 C2=0,5,1,4,8,3,6,2,7
ICZLn`{ko PAIR C1=0,3,7,1,8,2,4,5,6 C2=0,5,1,4,8,3,6,2,7
ICZLn`{[o PAIR C1=0,3,7,1,8,2,4,5,6 C2=0,5,1,4,8,3,6,2,7
ICZLn`{qo PAIR C1=0,3,7,1,8,2,4,5,6 C2=0,5,1,4,8,3,6,2,7
ICZLn`{io PAIR C1=0,3,7,1,8,2,4,5,6 C2=0,5,1,4,8,3,6,2,7
ICZLn`{Mo PAIR C1=0,3,7,1,8,2,4,5,6 C2=0,5,1,4,8,3,6,2,7
ICZLn`yn? PAIR C1=0,3,7,1,8,2,4,5,6 C2=0,5,1,4,8,3,6,2,7
ICZLn`yuO PAIR C1=0,3,7,1,8,2,4,5,6 C2=0,5,1,4,8,3,6,2,7
ICZLn`y]O PAIR C1=0,3,7,1,8,2,4,5,6 C2=0,5,1,4,8,3,6,2,7
ICZLn`yxO PAIR C1=0,3,7,1,8,2,4,5,6 C2=0,5,1,4,8,3,6,2,7
ICZLn`ytO PAIR C1=0,3,7,1,8,2,4,5,6 C2=0,5,1,4,8,3,6,2,7
ICZLn`ylO PAIR C1=0,3,7,1,8,2,4,5,6 C2=0,5,1,4,8,3,6,2,7
ICZLn`y\O PAIR C1=0,3,7,1,8,2,4,5,6 C2=0,5,1,4,8,3,6,2,7
ICZLn`yrO PAIR C1=0,3,7,1,8,2,4,5,6 C2=0,5,1,4,8,3,6,2,7
ICZLn`yjO PAIR C1=0,3,7,1,8,2,4,5,6 C2=0,5,1,4,8,3,6,2,7
ICZLnbp\_ PAIR C1=0,6,2,9,5,1,7,8 C2=0,5,6,9,1,8,2,7
ICZJnbijO PAIR C1=0,7,2,6,8,1,5,9 C2=0,5,6,1,7,9,2,8
ICZJnayv? PAIR C1=0,7,1,6,3,8,2,4,5,9 C2=0,5,6,2,7,3,9,1,4,8
ICZJnayn? PAIR C1=0,8,4,2,6,3,7,1,5,9 C2=0,5,4,1,6,8,3,9,2,7
ICZJnayyO PAIR C1=0,3,7,1,5,6,2,4,8 C2=0,5,4,1,6,3,8,2,7
ICZJnayuO PAIR C1=0,3,7,1,5,6,2,4,8 C2=0,5,4,1,6,3,8,2,7
ICZJnaymO PAIR C1=0,3,7,1,5,6,2,4,8 C2=0,5,4,1,6,3,8,2,7
ICZJnayxO PAIR C1=0,3,7,1,5,6,2,4,8 C2=0,5,4,1,6,3,8,2,7
ICZJnaytO PAIR C1=0,3,7,1,5,6,2,4,8 C2=0,5,4,1,6,3,8,2,7
ICZJnay\O PAIR C1=0,3,7,1,5,6,2,4,8 C2=0,5,4,1,6,3,8,2,7
ICZJnayrO PAIR C1=0,3,7,1,5,6,2,4,8 C2=0,5,4,1,6,3,8,2,7
ICZJnayjO PAIR C1=0,3,7,1,5,6,2,4,8 C2=0,5,4,1,6,3,8,2,7
ICZJnaxz? PAIR C1=0,3,7,1,5,6,2,4,8 C2=0,5,4,1,6,3,8,2,7
ICZJnax]_ PAIR C1=0,3,7,1,5,6,2,4,8 C2=0,5,4,1,6,3,8,2,7
ICZJnaxx_ PAIR C1=0,3,7,1,5,6,2,4,8 C2=0,5,4,1,6,3,8,2,7
ICZJnaxt_ PAIR C1=0,3,7,1,5,6,2,4,8 C2=0,5,4,1,6,3,8,2,7
ICZJnax\_ PAIR C1=0,3,7,1,5,6,2,4,8 C2=0,5,4,1,6,3,8,2,7
ICZJnaxr_ PAIR C1=0,3,7,1,5,6,2,4,8 C2=0,5,4,1,6,3,8,2,7
ICZJnaxj_ PAIR C1=0,3,7,1,5,6,2,4,8 C2=0,5,4,1,6,3,8,2,7
ICZJnaxV_ PAIR C1=0,3,7,1,5,6,2,4,8 C2=0,5,4,1,6,3,8,2,7
ICZJlrkwo PAIR C1=0,8,5,6,1,4,7,2,9 C2=0,5,1,8,4,2,6,9,7
ICZJlp{[o PAIR C1=1,6,9,3,7,2,4,5,8 C2=1,4,7,9,2,8,3,6,5
ICZJlrq|? PAIR C1=0,5,6,3,8,1,4,2,7 C2=0,3,7,4,5,1,6,2,8
ICZJlrqv? PAIR C1=0,5,6,3,8,1,4,2,7 C2=0,3,7,4,5,1,6,2,8
ICZJlrqn? PAIR C1=0,5,6,3,8,1,4,2,7 C2=0,3,7,4,5,1,6,2,8
ICZJlrq^? PAIR C1=0,5,6,3,8,1,4,2,7 C2=0,3,7,4,5,1,6,2,8
ICZJlrqyO PAIR C1=0,5,6,3,8,1,4,2,7 C2=0,3,7,4,5,1,6,2,8
ICZJlrqrO PAIR C1=0,5,6,3,8,1,4,2,7 C2=0,3,7,4,5,1,6,2,8
ICZJlrqjO PAIR C1=0,5,6,3,8,1,4,2,7 C2=0,3,7,4,5,1,6,2,8
ICZJlreyO PAIR C1=0,5,8,6,1,9,4,2,7 C2=0,8,2,6,5,1,4,7,9
ICZJlrUuO PAIR C1=0,5,4,9,1,6,8,3,7 C2=0,3,6,5,8,1,4,7,9
ICZJlpu]O PAIR C1=1,8,2,6,3,7,4,9 C2=1,4,2,7,9,3,8,6
ICZL^`uyO PAIR C1=0,7,2,6,8,1,5,4,9 C2=0,5,8,2,9,7,1,4,6
ICZH~beyO PAIR C1=0,7,2,6,8,1,5,4,9 C2=0,5,6,4,1,7,9,2,8
ICZH~bpx_ PAIR C1=0,7,3,8,2,4,6,5,1,9 C2=0,3,6,9,2,7,8,1,4,5
ICZH~bpr_ PAIR C1=0,7,3,8,2,6,4,1,5,9 C2=0,3,6,9,1,8,7,2,4,5
ICZH~bpj_ PAIR C1=0,7,3,6,4,5,1,8,2,9 C2=0,3,8,7,1,4,2,6,9,5
ICZH~bpZ_ PAIR C1=0,7,3,6,4,5,1,9,2,8 C2=0,3,8,7,1,4,2,6,9,5
ICZH~bpf_ PAIR C1=0,7,3,6,4,9,5,1,8 C2=0,3,8,7,1,4,5,6,9
ICXmfqu}? PAIR C1=0,7,3,9,1,5,4,2,8 C2=0,3,8,5,2,7,1,4,9
ICXmfqu|? PAIR C1=0,6,8,2,5,1,9,3,7 C2=0,3,6,1,7,2,9,5,8
ICXmfquv? PAIR C1=0,6,8,2,5,4,1,9,3,7 C2=0,3,6,1,7,2,4,9,5,8
ICXmfqun? PAIR C1=0,7,2,4,5,1,6,8,3,9 C2=0,6,3,7,1,4,9,5,2,8
ICXmfquy_ PAIR C1=0,7,2,4,1,5,8,3,6,9 C2=0,3,7,1,9,4,5,2,8,6
ICXmfquu_ PAIR C1=0,7,2,4,1,5,8,3,6,9 C2=0,3,7,1,9,4,5,2,8,6
ICXmfqux_ PAIR C1=0,3,8,5,1,7,4,2,9,6 C2=0,7,3,6,8,2,5,4,1,9
ICXmfqul_ PAIR C1=0,6,9,3,8,2,5,1,4,7 C2=0,3,7,1,6,8,5,4,2,9
ICXmfqur_ PAIR C1=0,3,8,2,5,1,7,4,9,6 C2=0,8,5,4,2,7,3,6,1,9
ICXmfZqj_ PAIR C1=0,6,9,2,8,1,4,7 C2=0,8,6,1,7,2,4,9
ICXmdzw|? PAIR C1=0,3,9,2,4,8,1,5,7 C2=0,8,3,7,2,5,4,1,9
ICXmdzwt_ PAIR C1=0,6,9,3,8,4,1,5,2,7 C2=0,8,2,4,5,7,3,6,1,9
ICXmfe{}? PAIR C1=0,3,9,2,5,8,4,1,7 C2=0,8,3,7,2,4,5,1,9
ICXmfe{v? PAIR C1=0,3,9,4,1,7,2,5,8 C2=0,7,3,8,2,4,5,1,9
ICXmfe{n? PAIR C1=0,3,9,4,8,2,5,1,7,6 C2=0,8,5,4,1,6,3,7,2,9
ICXmfe{{_ PAIR C1=0,7,6,3,9,1,5,2,4,8 C2=0,6,1,4,5,8,3,7,2,9
ICXmfe{y_ PAIR C1=0,3,8,4,2,5,1,9,6,7 C2=0,8,5,4,1,6,3,7,2,9
ICXmfe{r_ PAIR C1=0,3,8,2,5,4,9,1,7,6 C2=0,8,5,1,4,2,7,3,6,9
ICXmfe{j_ PAIR C1=0,3,6,7,1,5,4,9,2,8 C2=0,7,3,8,5,2,4,1,6,9
ICXmfU{x_ PAIR C1=0,8,4,7,6,1,5,2,9 C2=0,6,9,1,4,5,8,2,7
ICXmdvwx_ PAIR C1=0,3,6,1,8,4,7,2,9 C2=0,6,9,1,4,2,8,3,7
ICXmdvkx_ PAIR C1=0,8,4,7,6,1,5,2,9 C2=0,6,9,1,4,5,8,2,7
ICXmdvq}? PAIR C1=0,3,8,1,9,2,4,7,6 C2=0,8,2,7,3,6,1,4,9
ICXmdvUv? PAIR C1=0,3,7,6,8,5,4,1,9 C2=0,7,4,9,5,1,6,3,8
ICXmduun? PAIR C1=0,3,7,6,8,5,4,2,9 C2=0,6,3,8,2,5,9,4,7
ICXnfb[n? PAIR C1=0,7,1,5,4,8,3,6,2,9 C2=0,3,7,2,4,9,5,8,1,6
ICXnfb[m_ PAIR C1=0,6,2,9,3,8,4,1,7 C2=0,8,1,6,3,7,2,4,9
ICXnfb[f_ PAIR C1=0,7,1,5,2,6,3,9,4,8 C2=0,3,7,2,4,5,8,1,6,9
ICXnfb[io PAIR C1=0,6,2,4,9,7,1,5,8 C2=0,7,2,5,4,8,1,6,9
ICXnfb[bo PAIR C1=0,6,2,4,9,7,1,5,8 C2=0,7,2,5,4,8,1,6,9
ICXnUiyxO PAIR C1=0,8,2,6,4,5,7,1,9 C2=0,6,8,4,1,5,2,9,7
ICXmvbsn? PAIR C1=0,6,1,5,4,9,3,7,2,8 C2=0,7,1,4,6,3,8,5,2,9
ICXmvbsm_ PAIR C1=0,6,1,5,4,9,3,7,2,8 C2=0,7,1,4,6,3,8,5,2,9
ICXmvbsl_ PAIR C1=0,6,9,3,7,2,4,5,1,8 C2=0,7,1,4,6,3,8,5,2,9
ICXmvbsmO PAIR C1=0,7,9,3,6,1,5,4,2,8 C2=0,6,4,1,7,3,8,5,2,9
ICXmvbslO PAIR C1=0,7,9,3,6,1,5,4,2,8 C2=0,6,4,1,7,3,8,5,2,9
ICXmvbsfO PAIR C1=0,3,6,1,4,5,8,2,7 C2=0,6,4,2,5,1,7,3,8
ICXmvbsio PAIR C1=0,3,6,1,4,5,8,2,7 C2=0,6,4,2,5,1,7,3,8
ICXmvbseo PAIR C1=0,3,6,1,4,5,8,2,7 C2=0,6,4,2,5,1,7,3,8
ICXmvbsho PAIR C1=0,3,6,1,4,5,8,2,7 C2=0,6,4,2,5,1,7,3,8
ICXmvbsbo PAIR C1=0,3,6,1,4,5,8,2,7 C2=0,6,4,2,5,1,7,3,8
ICXmva{t_ PAIR C1=0,3,6,1,4,5,8,2,7 C2=0,6,4,2,5,1,7,3,8
ICXmva{{O PAIR C1=0,3,6,1,4,5,8,2,7 C2=0,6,4,2,5,1,7,3,8
ICXmva{tO PAIR C1=0,3,6,1,4,5,8,2,7 C2=0,6,4,2,5,1,7,3,8
ICXmva{lO PAIR C1=0,3,6,1,4,5,8,2,7 C2=0,6,4,2,5,1,7,3,8
ICXmva{wo PAIR C1=0,3,6,1,4,5,8,2,7 C2=0,6,4,2,5,1,7,3,8
ICXmva{so PAIR C1=0,3,6,1,4,5,8,2,7 C2=0,6,4,2,5,1,7,3,8
ICXmva{Xo PAIR C1=0,3,6,1,4,5,8,2,7 C2=0,6,4,2,5,1,7,3,8
ICXmvay{O PAIR C1=0,7,2,8,4,1,6,3,9 C2=0,6,4,2,9,1,7,3,8
ICXmvauv? PAIR C1=0,7,2,5,4,1,6,3,8 C2=0,3,7,1,5,8,2,4,6
ICXmvauyO PAIR C1=0,7,2,5,4,1,6,3,8 C2=0,3,7,1,5,8,2,4,6
ICXmvauuO PAIR C1=0,7,2,5,4,1,6,3,8 C2=0,3,7,1,5,8,2,4,6
ICXmvatv? PAIR C1=0,7,2,5,4,1,6,3,8 C2=0,3,7,1,5,8,2,4,6
ICXmvaty_ PAIR C1=0,7,2,5,4,1,6,3,8 C2=0,3,7,1,5,8,2,4,6
ICXmvatu_ PAIR C1=0,7,2,5,4,1,6,3,8 C2=0,3,7,1,5,8,2,4,6
ICXmvatx_ PAIR C1=0,7,2,5,4,1,6,3,8 C2=0,3,7,1,5,8,2,4,6
ICXmvatr_ PAIR C1=0,7,2,5,4,1,6,3,8 C2=0,3,7,1,5,8,2,4,6
ICXmtjw|? PAIR C1=0,8,1,5,7,2,4,6,3,9 C2=0,6,1,4,5,9,2,8,3,7
ICXmtjwl_ PAIR C1=0,8,1,5,7,2,4,6,3,9 C2=0,6,1,4,5,9,2,8,3,7
ICXmtjw{O PAIR C1=0,3,6,4,2,7,5,1,8 C2=0,6,1,4,5,2,8,3,7
ICXmtjwtO PAIR C1=0,3,6,4,2,7,5,1,8 C2=0,6,1,4,5,2,8,3,7
ICXmtjwlO PAIR C1=0,3,6,4,2,7,5,1,8 C2=0,6,1,4,5,2,8,3,7
ICXmtjwwo PAIR C1=0,3,6,4,2,7,5,1,8 C2=0,6,1,4,5,2,8,3,7
ICXmtjwho PAIR C1=0,3,6,4,2,7,5,1,8 C2=0,6,1,4,5,2,8,3,7
ICXmtjwdo PAIR C1=0,3,6,4,2,7,5,1,8 C2=0,6,1,4,5,2,8,3,7
ICXmtjkwo PAIR C1=0,8,1,5,7,2,4,6,9 C2=0,6,1,4,8,5,2,9,7
ICXmtjYtO PAIR C1=0,6,4,8,1,5,7,3,9 C2=0,7,9,5,4,1,6,3,8
ICXk~bw|? PAIR C1=0,8,2,4,5,1,7,3,9 C2=0,3,8,4,1,9,5,2,7
ICXk~bwt_ PAIR C1=0,8,2,4,5,1,7,3,9 C2=0,3,8,4,1,9,5,2,7
ICXk~bw{O PAIR C1=0,6,3,9,1,5,4,2,8 C2=0,3,8,1,4,6,5,2,9
ICXk~bwtO PAIR C1=0,6,3,8,2,4,5,1,7 C2=0,3,7,2,5,6,4,1,8
ICXk~bwwo PAIR C1=0,6,3,8,2,4,5,1,7 C2=0,3,7,2,5,6,4,1,8
ICXk~bwpo PAIR C1=0,6,3,8,2,4,5,1,7 C2=0,3,7,2,5,6,4,1,8
ICXk~bwdo PAIR C1=0,6,3,8,2,4,5,1,7 C2=0,3,7,2,5,6,4,1,8
ICXk~bkwo PAIR C1=0,7,2,8,4,6,5,1,9 C2=0,6,9,7,1,4,2,5,8
ICXk~bixO PAIR C1=0,7,2,4,8,6,5,1,9 C2=0,6,4,1,7,9,5,2,8
ICXk~bpv? PAIR C1=0,8,3,7,2,4,6,5,1,9 C2=0,6,3,9,4,5,2,8,1,7
ICXk~bp{_ PAIR C1=0,3,6,4,5,2,7,1,9 C2=0,6,5,1,4,2,9,3,7
ICXk~bpy_ PAIR C1=0,3,6,4,5,2,8,1,7 C2=0,6,5,1,4,2,7,3,8
ICXk~bpr_ PAIR C1=0,3,6,4,5,2,8,1,7 C2=0,6,5,1,4,2,7,3,8
ICXk~bpf_ PAIR C1=0,3,6,4,5,2,8,1,7 C2=0,6,5,1,4,2,7,3,8
ICY^Fp{|? PAIR C1=0,3,9,2,7,4,8,5 C2=0,7,3,8,2,4,5,9
ICY^Fpu}? PAIR C1=0,3,9,2,4,7,1,8,6 C2=0,7,3,8,2,6,1,4,9
ICY^Fpuv? PAIR C1=0,3,7,2,4,9,1,6,8,5 C2=0,6,2,8,3,9,5,4,1,7
ICY^Fpu^? PAIR C1=0,3,7,2,4,9,1,6,8,5 C2=0,6,2,8,3,9,5,4,1,7
ICY^Fpuu_ PAIR C1=0,3,7,2,4,9,1,6,8,5 C2=0,7,1,4,5,3,8,2,6,9
ICY^Fpur_ PAIR C1=0,3,7,2,4,9,1,6,8,5 C2=0,7,1,4,5,3,8,2,6,9
ICY^Fpuf_ PAIR C1=0,3,7,2,4,9,5,8,1,6 C2=0,7,1,4,5,3,8,2,6,9
ICY^Bzq}? PAIR C1=0,5,3,9,4,2,7,1,8,6 C2=0,8,3,7,5,4,1,6,2,9
ICY^Bzq^? PAIR C1=0,5,7,2,4,9,3,8,1,6 C2=0,3,7,1,4,5,9,2,6,8
ICY^Bzqu_ PAIR C1=0,8,3,7,5,4,1,6,9 C2=0,5,3,9,4,7,1,8,6
ICY^Bzqr_ PAIR C1=0,3,7,5,9,6,2,4,1,8 C2=0,5,3,8,2,7,4,9,1,6
ICY^Bvs}? PAIR C1=0,5,4,2,8,3,7,6,1,9 C2=0,6,2,7,1,4,9,3,5,8
ICY^Bvs|? PAIR C1=0,3,7,6,1,8,2,4,5,9 C2=0,6,2,7,4,1,9,3,5,8
ICY^Bvsv? PAIR C1=0,3,7,6,1,8,2,4,5,9 C2=0,6,2,7,4,1,9,3,5,8
ICY^Bvs^? PAIR C1=0,3,8,2,4,7,6,1,9,5 C2=0,6,2,7,1,4,9,3,5,8
ICY^Bvsu_ PAIR C1=0,5,4,2,8,3,7,6,1,9 C2=0,6,2,7,1,4,9,3,5,8
ICY^Bvs]_ PAIR C1=0,3,7,2,8,5,4,1,9,6 C2=0,5,3,9,4,2,6,7,1,8
ICY^Bvsr_ PAIR C1=0,6,9,1,4,5,3,7,2,8 C2=0,3,8,1,7,6,2,4,9,5
ICY^Bvsf_ PAIR C1=0,6,9,5,4,1,7,3,8 C2=0,3,9,4,7,6,1,8,5
ICY^Bvkx_ PAIR C1=0,8,5,4,2,7,1,6,9 C2=0,5,9,2,8,1,4,7,6
ICY^Bt{\_ PAIR C1=1,6,9,3,5,8,4,2,7 C2=1,4,5,9,2,6,7,3,8
ICY^fbk^? PAIR C1=0,3,9,5,4,2,8,1,7 C2=0,5,3,7,2,9,1,4,8
ICY^fbk]_ PAIR C1=0,3,9,1,8,5,4,2,7 C2=0,5,3,7,1,4,9,2,8
ICY^fbkZ_ PAIR C1=0,6,1,9,4,2,8,5,3,7 C2=0,3,6,9,2,7,1,8,4,5
ICY^fbkV_ PAIR C1=0,6,1,8,2,4,5,3,7 C2=0,3,6,2,7,1,4,8,5
ICY^fbkXo PAIR C1=0,6,1,8,2,4,5,3,7 C2=0,3,6,2,7,1,4,8,5
ICY^Vbs^? PAIR C1=0,6,1,4,2,8,5,3,7 C2=0,3,8,1,7,2,6,4,5
ICY^Vbs]_ PAIR C1=0,6,1,4,2,8,5,3,7 C2=0,3,8,1,7,2,6,4,5
ICY^Vbs\_ PAIR C1=0,6,1,4,2,8,5,3,7 C2=0,3,8,1,7,2,6,4,5
ICY^VbsZ_ PAIR C1=0,6,1,4,2,8,5,3,7 C2=0,3,8,1,7,2,6,4,5
ICY^VbsV_ PAIR C1=0,6,1,4,2,8,5,3,7 C2=0,3,8,1,7,2,6,4,5
ICY^Vbs]O PAIR C1=0,6,1,4,2,8,5,3,7 C2=0,3,8,1,7,2,6,4,5
ICY^VbsZO PAIR C1=0,6,1,4,2,8,5,3,7 C2=0,3,8,1,7,2,6,4,5
ICY^VbsYo PAIR C1=0,6,1,4,2,8,5,3,7 C2=0,3,8,1,7,2,6,4,5
ICY^VbsUo PAIR C1=0,6,1,4,2,8,5,3,7 C2=0,3,8,1,7,2,6,4,5
ICY^VbsXo PAIR C1=0,6,1,4,2,8,5,3,7 C2=0,3,8,1,7,2,6,4,5
ICY^VbsRo PAIR C1=0,6,1,4,2,8,5,3,7 C2=0,3,8,1,7,2,6,4,5
ICY^VbsFo PAIR C1=0,6,1,4,2,8,5,3,7 C2=0,3,8,1,7,2,6,4,5
ICY^V`{t_ PAIR C1=0,6,1,4,2,8,5,3,7 C2=0,3,8,1,7,2,6,4,5
ICY^V`{{O PAIR C1=0,6,1,4,2,8,5,3,7 C2=0,3,8,1,7,2,6,4,5
ICY^V`{xO PAIR C1=0,6,1,4,2,8,5,3,7 C2=0,3,8,1,7,2,6,4,5
ICY^V`{tO PAIR C1=0,6,1,4,2,8,5,3,7 C2=0,3,8,1,7,2,6,4,5
ICY^V`{so PAIR C1=0,6,1,4,2,8,5,3,7 C2=0,3,8,1,7,2,6,4,5
ICY^V`{po PAIR C1=0,6,1,4,2,8,5,3,7 C2=0,3,8,1,7,2,6,4,5
ICY^V`{To PAIR C1=0,6,1,4,2,8,5,3,7 C2=0,3,8,1,7,2,6,4,5
ICY^V`y{O PAIR C1=0,7,2,4,1,6,8,3,9 C2=0,3,7,1,9,2,8,4,6
ICY^V`t|? PAIR C1=0,7,2,8,1,6,4,5,3,9 C2=0,3,7,8,5,9,1,4,2,6
ICY^V`tz? PAIR C1=0,7,1,6,4,5,3,8,2,9 C2=0,3,7,8,5,9,1,4,2,6
ICY^V`t^? PAIR C1=0,3,5,4,6,1,8,2,7 C2=0,5,8,3,7,1,4,2,6
ICY^V`tu_ PAIR C1=0,3,5,4,6,1,8,2,7 C2=0,5,8,3,7,1,4,2,6
ICY^V`tr_ PAIR C1=0,3,5,4,6,1,8,2,7 C2=0,5,8,3,7,1,4,2,6
ICY^V`tf_ PAIR C1=0,3,5,4,6,1,8,2,7 C2=0,5,8,3,7,1,4,2,6
ICY^Nbw^? PAIR C1=0,3,5,4,9,1,8,2,7 C2=0,5,9,2,4,1,7,3,8
ICY^Nbw]_ PAIR C1=0,3,9,4,8,1,6,2,7 C2=0,6,9,2,4,1,7,3,8
ICY^Nbw\_ PAIR C1=0,7,2,6,1,9,3,8 C2=0,3,7,1,8,2,9,6
ICY^NbwV_ PAIR C1=0,7,1,6,2,4,9,3,8 C2=0,3,7,2,8,4,1,9,6
ICY^Nbw]O PAIR C1=0,5,3,9,4,2,6,1,8 C2=0,3,8,2,9,1,4,5,6
ICY^NbwZO PAIR C1=0,5,3,7,9,1,6,2,4,8 C2=0,3,8,1,7,2,9,4,5,6
ICY^NbwVO PAIR C1=0,5,3,9,7,1,6,2,4,8 C2=0,3,7,2,8,1,9,4,5,6
ICY^NbwUo PAIR C1=0,5,3,9,7,1,6,2,4,8 C2=0,3,7,2,8,1,9,4,5,6
ICY^NbwTo PAIR C1=0,5,3,7,1,4,8,2,6 C2=0,3,8,1,6,5,4,2,7
ICY^NbwRo PAIR C1=0,5,3,7,1,4,8,2,6 C2=0,3,8,1,6,5,4,2,7
ICY^NbwFo PAIR C1=0,5,3,7,1,4,8,2,6 C2=0,3,8,1,6,5,4,2,7
ICY^N`{{_ PAIR C1=0,5,3,7,1,4,8,2,6 C2=0,3,8,1,6,5,4,2,7
ICY^N`{u_ PAIR C1=0,5,3,7,1,4,8,2,6 C2=0,3,8,1,6,5,4,2,7
ICY^N`{yO PAIR C1=0,5,3,7,1,4,8,2,6 C2=0,3,8,1,6,5,4,2,7
ICY^N`{]O PAIR C1=0,5,3,7,1,4,8,2,6 C2=0,3,8,1,6,5,4,2,7
ICY^N`{wo PAIR C1=0,5,3,7,1,4,8,2,6 C2=0,3,8,1,6,5,4,2,7
ICY^N`{so PAIR C1=0,5,3,7,1,4,8,2,6 C2=0,3,8,1,6,5,4,2,7
ICY^N`{[o PAIR C1=0,5,3,7,1,4,8,2,6 C2=0,3,8,1,6,5,4,2,7
ICY^N`{qo PAIR C1=0,5,3,7,1,4,8,2,6 C2=0,3,8,1,6,5,4,2,7
ICY^NbiZO PAIR C1=0,5,9,7,1,4,2,6,8 C2=0,6,5,4,9,1,8,2,7
ICY^N`yv? PAIR C1=0,5,9,3,8,6,2,4,1,7 C2=0,3,7,2,8,1,9,4,5,6
ICY^N`y{O PAIR C1=0,5,3,8,4,2,6,1,7 C2=0,3,7,2,8,1,4,5,6
ICY^N`yuO PAIR C1=0,5,3,8,4,2,6,1,7 C2=0,3,7,2,8,1,4,5,6
ICY^N`y]O PAIR C1=0,5,3,8,4,2,6,1,7 C2=0,3,7,2,8,1,4,5,6
ICY^N`yxO PAIR C1=0,5,3,8,4,2,6,1,7 C2=0,3,7,2,8,1,4,5,6
ICY^N`ytO PAIR C1=0,5,3,8,4,2,6,1,7 C2=0,3,7,2,8,1,4,5,6
ICY^N`y\O PAIR C1=0,5,3,8,4,2,6,1,7 C2=0,3,7,2,8,1,4,5,6
ICY^N`yrO PAIR C1=0,5,3,8,4,2,6,1,7 C2=0,3,7,2,8,1,4,5,6
ICY^N`yVO PAIR C1=0,5,3,8,4,2,6,1,7 C2=0,3,7,2,8,1,4,5,6
ICY^Nbp\_ PAIR C1=0,7,1,6,2,9,3,8 C2=0,3,7,2,8,1,9,6
ICY]nbwZO PAIR C1=0,5,4,9,2,8,3,6,1,7 C2=0,3,7,2,4,8,1,9,5,6
ICdffZk]_ PAIR C1=0,6,1,8,2,9,3,4,7 C2=0,3,6,2,7,1,9,4,8
ICdffZkZ_ PAIR C1=0,4,9,6,2,8,1,7 C2=0,6,1,9,2,7,4,8
ICdffX{z? PAIR C1=0,7,1,8,2,6,3,4,9 C2=0,3,8,4,7,2,9,1,6
ICdffX{{_ PAIR C1=0,4,3,9,6,2,8,1,7 C2=0,3,8,4,7,2,9,1,6
ICdffX{y_ PAIR C1=0,7,1,8,2,6,3,4,9 C2=0,3,8,4,7,2,9,1,6
ICdffX{u_ PAIR C1=0,4,3,9,6,2,5,8,1,7 C2=0,3,6,1,5,7,2,8,4,9
ICdffX{t_ PAIR C1=0,6,2,5,8,1,7,4,3,9 C2=0,3,6,9,1,5,7,2,8,4
ICdffX{r_ PAIR C1=0,7,1,6,2,5,8,3,4,9 C2=0,3,6,9,1,5,7,2,8,4
ICdffT{}? PAIR C1=0,3,9,4,7,2,8,1,6 C2=0,4,8,3,6,2,9,1,7
ICdfNrw]_ PAIR C1=0,6,2,7,4,9,1,8 C2=0,4,8,2,9,6,1,7
ICdfNrw\_ PAIR C1=0,6,2,7,3,9,1,8 C2=0,3,8,2,9,6,1,7
ICdfNp{|? PAIR C1=0,6,2,5,8,1,9,3,7 C2=0,3,8,2,7,1,6,5,9
ICdfNp{^? PAIR C1=0,4,3,7,1,8,5,9,2,6 C2=0,3,9,1,6,5,2,8,4,7
ICdfNp{{_ PAIR C1=0,4,3,7,1,8,5,6,2,9 C2=0,3,9,6,1,5,2,8,4,7
ICdfNp{]_ PAIR C1=0,3,7,1,9,2,6,5,8,4 C2=0,6,1,5,2,8,3,9,4,7
ICdfNp{t_ PAIR C1=0,4,3,8,5,6,2,7,1,9 C2=0,3,9,6,1,5,2,8,4,7
ICdfNp{V_ PAIR C1=0,3,7,1,8,5,6,9,4 C2=0,6,1,5,9,3,8,4,7
ICdfNh{{_ PAIR C1=0,3,7,1,8,2,5,6,9 C2=0,6,1,5,8,3,9,2,7
ICdfJx{]_ PAIR C1=1,5,8,3,4,9,6,2,7 C2=1,6,5,2,8,4,7,3,9
ICdfJnw|? PAIR C1=0,3,8,1,7,2,6,5,9 C2=0,6,1,9,3,7,5,2,8
IEhfeY{^? PAIR C1=0,3,1,7,4,9,5,8 C2=0,4,8,3,9,1,5,7
IEhfeY{]_ PAIR C1=0,3,1,7,4,8,5,2,9,6 C2=0,4,9,3,8,2,6,1,5,7
IEhfeY{\_ PAIR C1=0,3,9,6,1,7,4,2,5,8 C2=0,4,8,3,6,2,9,1,5,7
IEhfeY{N_ PAIR C1=0,4,2,8,3,9,6 C2=0,3,6,2,9,4,8
IEhfeY{\O PAIR C1=0,4,7,1,9,3,8,5,2,6 C2=0,3,6,1,5,7,9,2,4,8
IEhfeY{VO PAIR C1=0,3,8,5,2,4,7,9,1,6 C2=0,4,8,2,6,3,9,5,1,7
IEhfeY{NO PAIR C1=0,6,3,1,7,4,9,2,5,8 C2=0,3,9,7,5,1,6,2,8,4
IEhfeY{Yo PAIR C1=0,6,3,1,9,7,4,2,5,8 C2=0,3,8,4,9,2,6,1,5,7
IEhfeY{Uo PAIR C1=0,4,7,9,3,1,6,2,5,8 C2=0,6,3,8,2,4,9,1,5,7
IEhfeY{Mo PAIR C1=0,3,1,7,4,8,5,2,6 C2=0,4,2,8,3,6,1,5,7
IEhfeY{Xo PAIR C1=0,3,1,7,4,8,5,2,6 C2=0,4,2,8,3,6,1,5,7
IEhfeY{To PAIR C1=0,3,1,7,4,8,5,2,6 C2=0,4,2,8,3,6,1,5,7
IEhfeY{Lo PAIR C1=0,3,1,7,4,8,5,2,6 C2=0,4,2,8,3,6,1,5,7
IEhfeYy]O PAIR C1=0,6,2,9,3,1,7,4,8 C2=0,4,2,8,3,6,1,9,7
IEhfeXymO PAIR C1=0,3,1,8,4,7,9,2,6 C2=0,7,1,6,3,8,2,4,9
IEhfeW}yO PAIR C1=0,3,1,7,9,2,6,8,4 C2=0,7,4,2,8,3,6,1,9
IEhfeW}uO PAIR C1=0,3,9,7,4,8,2,5,1,6 C2=0,4,2,6,3,8,5,7,1,9
IEhfeW}]O PAIR C1=0,4,2,5,8,3,9,7,1,6 C2=0,3,6,2,8,4,9,1,5,7
IEhfeW}rO PAIR C1=0,6,1,3,8,5,2,4,7,9 C2=0,3,6,2,8,4,9,1,5,7
IEhfeY\V_ PAIR C1=0,3,6,9,4,7,1,5,8 C2=0,4,8,7,5,9,3,1,6
IEhfdZ[^? PAIR C1=0,6,3,9,4,2,5,1,8 C2=0,3,1,6,2,9,5,8,4
IEhfdZ[Z_ PAIR C1=0,6,2,4,9,5,1,3,8 C2=0,3,6,1,9,2,5,8,4
IEhfdZ[N_ PAIR C1=0,4,9,3,1,8,5,2,6 C2=0,3,6,1,5,9,2,4,8
IEhfdZ[\O PAIR C1=0,4,7,2,9,5,8,1,3,6 C2=0,3,9,7,5,1,6,2,4,8
IEhfdZ[Yo PAIR C1=0,4,7,2,5,8,3,1,9,6 C2=0,3,6,1,5,7,9,2,4,8
IEhfdZ[Mo PAIR C1=0,4,7,2,5,8,1,3,9,6 C2=0,3,6,1,5,7,9,2,4,8
IEhfdZ[Xo PAIR C1=0,4,7,2,5,8,3,1,9,6 C2=0,3,6,1,5,7,9,2,4,8
IEhfdZ[Lo PAIR C1=0,4,7,2,5,8,1,3,9,6 C2=0,3,6,1,5,7,9,2,4,8
IEhfdZ[Ro PAIR C1=0,4,9,5,8,1,3,6,2,7 C2=0,3,8,4,2,5,7,9,1,6
IEhfdZY]O PAIR C1=0,4,9,7,2,6,3,1,8 C2=0,3,8,6,1,9,2,4,7
IEhfdX]z? PAIR C1=0,4,8,3,1,6,2,7,5,9 C2=0,3,6,8,5,1,9,2,4,7
IEhfdX]yO PAIR C1=0,4,8,3,1,6,2,5,7,9 C2=0,3,6,8,5,1,9,2,4,7
IEhfdX]]O PAIR C1=0,4,8,1,3,9,7,5,2,6 C2=0,3,6,8,5,1,9,2,4,7
IEhfdX]xO PAIR C1=0,4,8,1,3,6,2,7,9 C2=0,3,8,6,1,9,2,4,7
IEhfdX]lO PAIR C1=0,4,8,1,3,6,2,5,7,9 C2=0,3,8,6,1,5,9,2,4,7
IEhfdX]jO PAIR C1=0,4,8,1,3,6,2,5,7,9 C2=0,3,8,6,1,5,9,2,4,7
IEhfdY\\_ PAIR C1=0,4,8,5,7,2,9,1,3,6 C2=0,7,4,2,6,1,5,9,3,8
IEhfdY\N_ PAIR C1=0,3,9,4,8,7,2,6 C2=0,7,4,2,9,6,3,8
IEhfdW|t_ PAIR C1=0,4,8,7,2,5,1,3,9,6 C2=0,3,8,5,9,1,6,2,4,7
IEhfdW|f_ PAIR C1=0,3,9,6,2,5,7,8,4 C2=0,6,3,8,5,9,4,2,7
IEhfczwYo PAIR C1=0,4,8,1,3,7,9,6 C2=0,7,4,9,1,6,3,8
IEhfczsJo PAIR C1=0,4,2,8,1,3,7,5,9,6 C2=0,3,8,5,1,6,2,9,4,7
IEhfczeNO PAIR C1=0,4,2,5,9,7,3,6,1,8 C2=0,3,1,5,8,6,2,9,4,7
IEhfcxm}? PAIR C1=0,4,2,5,7,3,9,1,8,6 C2=0,7,4,8,5,1,3,6,2,9
IEhfcxmuO PAIR C1=0,4,2,5,7,3,6,8,1,9 C2=0,6,2,8,5,1,3,9,4,7
IEhfcxm]O PAIR C1=0,3,9,1,6,8,2,5,7,4 C2=0,6,2,9,4,8,5,1,3,7
IEhfcxmtO PAIR C1=0,4,2,5,8,6,1,9,3,7 C2=0,3,1,5,9,7,4,8,2,6
IEhfcxmlO PAIR C1=0,4,2,5,8,6,3,7,9 C2=0,3,9,5,7,4,8,2,6
IEhfcxmrO PAIR C1=0,4,2,5,8,6,1,3,7,9 C2=0,3,6,2,8,4,9,1,5,7
IEhfcxmjO PAIR C1=0,6,3,1,8,5,2,4,7,9 C2=0,3,7,5,1,6,8,2,9,4
IEhfcxmZO PAIR C1=0,6,3,1,8,5,2,4,7 C2=0,3,7,5,1,6,2,8,4
IEhfcxmVO PAIR C1=0,6,3,1,8,5,2,4,7 C2=0,3,7,5,1,6,2,8,4
IEhfcxmNO PAIR C1=0,6,3,1,8,5,2,4,7 C2=0,3,7,5,1,6,2,8,4
IEhf`zkv? PAIR C1=0,4,2,7,5,8,1,9,3,6 C2=0,3,7,4,8,2,6,1,5,9
IEhf`zkr_ PAIR C1=0,4,2,8,1,9,5,7,3,6 C2=0,3,1,5,8,4,7,2,6,9
IEhf`zkuO PAIR C1=0,4,7,5,2,8,1,9,3,6 C2=0,3,7,2,6,1,5,8,4,9
IEhf`zkeo PAIR C1=0,4,7,9,3,1,8,5,2,6 C2=0,3,6,1,5,7,2,8,4,9
IEhf`zkUo PAIR C1=1,3,6,2,4,9,7,5,8 C2=1,5,2,8,4,7,3,9,6
IEhf`zkFo PAIR C1=1,3,6,2,4,9,7,5,8 C2=1,5,2,8,4,7,3,9,6
IEhf`y]xO PAIR C1=0,3,7,2,4,8,5,9,1,6 C2=0,4,7,5,1,3,8,6,2,9
IEhetrsYo PAIR C1=0,4,2,7,9,1,8,3,6 C2=0,7,3,1,6,4,9,2,8
IEhetpuyO PAIR C1=0,3,8,6,1,9,7,2,4 C2=0,6,4,9,2,8,1,3,7
IEhetpuZO PAIR C1=0,3,8,6,1,9,7,2,4 C2=0,6,4,9,2,8,1,3,7
IEhetjwYo PAIR C1=0,4,2,7,3,8,1,9,6 C2=0,3,1,6,4,8,2,9,7
IEhetjk^? PAIR C1=0,3,6,1,8,5,7,2,4 C2=0,6,4,8,2,5,1,3,7
IEhetjkZ_ PAIR C1=0,3,6,1,8,5,7,2,4 C2=0,6,4,8,2,5,1,3,7
IEhetjk]O PAIR C1=0,3,6,1,8,5,7,2,4 C2=0,6,4,8,2,5,1,3,7
IEhetjkVO PAIR C1=0,3,6,1,8,5,7,2,4 C2=0,6,4,8,2,5,1,3,7
IEhethmmO PAIR C1=0,3,6,1,8,5,7,2,4 C2=0,6,4,8,2,5,1,3,7
IEhethm]O PAIR C1=0,3,6,1,8,5,7,2,4 C2=0,6,4,8,2,5,1,3,7
IEhethmlO PAIR C1=0,3,6,1,8,5,7,2,4 C2=0,6,4,8,2,5,1,3,7
IEherjsho PAIR C1=0,3,1,8,2,5,7,9,6 C2=0,8,5,1,6,3,7,2,9
IEherjkn? PAIR C1=0,6,3,1,7,2,5,8,4,9 C2=0,4,6,1,5,7,3,9,2,8
IEherjkl_ PAIR C1=0,4,8,5,2,7,1,3,6 C2=0,3,7,5,1,6,4,2,8
IEherjkj_ PAIR C1=0,4,8,5,2,7,1,3,6 C2=0,3,7,5,1,6,4,2,8
IEherjkN_ PAIR C1=0,4,8,5,2,7,1,3,6 C2=0,3,7,5,1,6,4,2,8
IEherjkmO PAIR C1=0,4,8,5,2,7,1,3,6 C2=0,3,7,5,1,6,4,2,8
IEherjkjO PAIR C1=0,4,8,5,2,7,1,3,6 C2=0,3,7,5,1,6,4,2,8
IEherim|? PAIR C1=0,4,8,5,2,7,1,3,6 C2=0,3,7,5,1,6,4,2,8
IEherimuO PAIR C1=0,4,8,5,2,7,1,3,6 C2=0,3,7,5,1,6,4,2,8
IEherim]O PAIR C1=0,4,8,5,2,7,1,3,6 C2=0,3,7,5,1,6,4,2,8
IEherim\O PAIR C1=0,4,8,5,2,7,1,3,6 C2=0,3,7,5,1,6,4,2,8
IEherimrO PAIR C1=0,4,8,5,2,7,1,3,6 C2=0,3,7,5,1,6,4,2,8
IEherhmmO PAIR C1=0,3,6,1,7,2,5,8,4,9 C2=0,4,2,9,3,7,5,1,8,6
IEherhmNO PAIR C1=1,7,2,4,9,3,6,8 C2=1,3,7,9,2,8,4,6
IEherZsn? PAIR C1=0,3,8,5,2,4,7,1,6 C2=0,4,6,3,1,5,7,2,8
IEherZsj_ PAIR C1=0,3,8,5,2,4,7,1,6 C2=0,4,6,3,1,5,7,2,8
IEherZsN_ PAIR C1=0,3,8,5,2,4,7,1,6 C2=0,4,6,3,1,5,7,2,8
IEherZsio PAIR C1=0,3,8,5,2,4,7,1,6 C2=0,4,6,3,1,5,7,2,8
IEherYy{O PAIR C1=0,6,4,7,1,3,9,2,8 C2=0,3,8,6,1,9,7,2,4
IEherYy\O PAIR C1=0,6,4,7,1,3,9,2,8 C2=0,3,8,6,1,9,7,2,4
IEherYuz? PAIR C1=0,3,1,5,8,2,9,4,6 C2=0,4,2,5,9,1,6,3,8
IEherYuuO PAIR C1=0,4,7,1,5,2,8,3,6 C2=0,3,1,6,4,2,7,5,8
IEherYu]O PAIR C1=0,4,7,1,5,2,8,3,6 C2=0,3,1,6,4,2,7,5,8
IEherYulO PAIR C1=0,4,7,1,5,2,8,3,6 C2=0,3,1,6,4,2,7,5,8
IEherYuZO PAIR C1=0,4,7,1,5,2,8,3,6 C2=0,3,1,6,4,2,7,5,8
IEhbtjkv? PAIR C1=0,3,6,4,8,2,5,1,9 C2=0,4,2,6,1,3,9,5,8
IEhbtjku_ PAIR C1=0,4,8,2,5,7,3,6,1,9 C2=0,7,2,6,4,9,3,1,5,8
IEhbtjkr_ PAIR C1=0,3,7,5,2,8,4,6,1,9 C2=0,7,2,4,9,6,3,1,5,8
IEhbtjkso PAIR C1=0,4,8,2,5,7,3,6,1,9 C2=0,7,2,4,6,9,3,1,5,8
IEhbtjYyO PAIR C1=0,3,7,2,4,6,8,1,9 C2=0,4,8,3,1,6,2,9,7
IEhvAy{yO PAIR C1=0,3,7,5,8,2,4,9 C2=0,4,7,9,2,5,3,8
IEhvAzqho PAIR C1=0,3,8,2,5,7,1,6,9 C2=0,6,2,9,7,3,5,1,8
IQhTVrU]_ PAIR C1=0,4,2,7,1,8,3,9,6 C2=0,2,9,1,3,7,4,6,8
IQhTVj[^? PAIR C1=0,4,2,9,3,8,1,7 C2=0,2,7,3,1,9,4,8
IQhTVh]}? PAIR C1=0,6,4,2,9,3,8,1,7 C2=0,4,8,6,2,7,3,1,9
IQhTVh]|? PAIR C1=0,6,4,2,9,3,8,1,7 C2=0,4,8,6,2,7,3,1,9
IQhVTrsUo PAIR C1=0,6,4,2,7,9,3,1,8 C2=0,4,9,1,6,2,8,3,7
IQhVUi{^? PAIR C1=0,7,3,1,5,9,4,2,8 C2=0,2,9,1,7,5,3,8,4
IQhVUi{\_ PAIR C1=0,7,3,1,5,9,6,4,2,8 C2=0,4,8,3,5,7,1,9,2,6
IQhVUi{]O PAIR C1=0,2,6,4,8,5,1,3,7 C2=0,4,2,8,3,5,7,1,6
IQhVUi{NO PAIR C1=0,2,6,4,8,5,1,3,7 C2=0,4,2,8,3,5,7,1,6
IQhVUi{[o PAIR C1=0,2,6,4,8,5,1,3,7 C2=0,4,2,8,3,5,7,1,6
IQhVUi{Yo PAIR C1=0,2,6,4,8,5,1,3,7 C2=0,4,2,8,3,5,7,1,6
IQhVUi{To PAIR C1=0,2,6,4,8,5,1,3,7 C2=0,4,2,8,3,5,7,1,6
IQhVUi{Lo PAIR C1=0,2,6,4,8,5,1,3,7 C2=0,4,2,8,3,5,7,1,6
IQhVUiy]O PAIR C1=0,2,6,4,8 C2=0,4,2,8,6
IQhVUiy\O PAIR C1=0,2,6,4,8 C2=0,4,2,8,6
IQhVTj[^? PAIR C1=0,2,9,4,8,5,3,7 C2=0,4,2,7,5,9,3,8
IQhVTj[V_ PAIR C1=0,2,6,9,4,8,5,3,7 C2=0,6,4,2,7,5,9,3,8
IQhVTj[]O PAIR C1=0,7,2,6,4,9,3,1,5,8 C2=0,2,4,8,3,5,7,9,1,6
IQhVTj[NO PAIR C1=0,7,2,6,4,9,3,1,5,8 C2=0,4,2,9,7,5,3,8,1,6
IQhVTj[[o PAIR C1=0,6,4,8,5,1,3,9,2,7 C2=0,4,2,6,1,9,7,5,3,8
IQhVTj[Yo PAIR C1=0,6,4,9,2,7,3,1,5,8 C2=0,2,6,1,9,7,5,3,8,4
IQhVTj[Uo PAIR C1=0,7,2,6,4,9,3,1,5,8 C2=0,2,4,8,3,5,7,9,1,6
IQhVTj[Fo PAIR C1=0,7,2,6,4,9,3,5,8 C2=0,2,4,8,3,7,5,9,6
IQhVTh]{O PAIR C1=0,6,2,4,8,5,1,3,7,9 C2=0,2,7,5,3,9,1,8,6,4
IQhVTh]uO PAIR C1=0,6,2,4,8,5,1,3,7,9 C2=0,2,7,5,3,9,1,8,6,4
IQhVTh]lO PAIR C1=0,4,8,5,1,3,7,9,2,6 C2=0,2,4,6,1,8,3,9,5,7
IQhVTjT\_ PAIR C1=0,6,2,9,3,5,1,8,7 C2=0,2,7,5,9,6,1,3,8
IQjRazim_ PAIR C1=0,2,9,3,1,5,7,4,8 C2=0,5,3,7,1,8,2,4,9
IQjRazil_ PAIR C1=0,2,9,3,1,5,7,4,8 C2=0,4,2,8,1,7,3,5,9
IQjRazif_ PAIR C1=0,4,7,1,5,9,3,6,2,8 C2=0,2,4,9,6,8,1,3,7,5
IQjRazijO PAIR C1=0,5,1,8,2,6,3,7,4,9 C2=0,4,2,9,7,5,3,1,6,8
IQjRazibo PAIR C1=0,4,7,3,6,2,8,1,5,9 C2=0,2,4,9,7,5,3,1,6,8
IQjRazeko PAIR C1=0,8,1,5,7,3,6,2,9 C2=0,2,8,6,1,7,9,3,5
IQjRazMeo PAIR C1=0,8,4,7,1,5,3,9 C2=0,4,9,7,3,1,8,5
IQjRayl}? PAIR C1=0,8,4,7,1,5,3,9 C2=0,4,9,1,3,7,8,5
IQjRayNu_ PAIR C1=0,8,4,7,1,5,3,9 C2=0,4,9,1,3,7,8,5
