H?zvfrs PAIR C1=0,4,1,5,8,2,7 C2=0,5,2,4,7,1,8
H?zvfrk PAIR C1=0,4,1,5,8,2,7 C2=0,5,2,4,7,1,8
H?zvfr[ PAIR C1=0,4,1,5,8,3,6,2,7 C2=0,6,1,7,3,5,2,4,8
H?zvfre PAIR C1=0,4,1,5,8,2,7 C2=0,5,2,4,7,1,8
H?zvfrM PAIR C1=0,4,2,5,8,6,1,7 C2=0,5,1,8,4,7,2,6
H?znfrq PAIR C1=0,4,1,5,2,6,8 C2=0,5,4,2,8,1,6
H?~vfbw PAIR C1=0,4,1,5,2,6,3,7 C2=0,5,3,4,2,7,1,6
H?~vfbk PAIR C1=0,4,1,5,2,6,3,7 C2=0,5,3,4,2,7,1,6
HCR^vrw PAIR C1=0,3,5,1,6,4,7 C2=0,5,4,1,7,3,6
HCruvp{ PAIR C1=0,3,5,1,8,4,6 C2=0,4,1,6,3,8,5
HCrrvp{ PAIR C1=0,3,5,1,8,4,7 C2=0,4,1,7,3,8,5
HCrrvre PAIR C1=0,3,5,1,6,8,2,7 C2=0,5,2,6,3,7,1,8
HCrrvrU PAIR C1=0,3,6,4,7,1,8 C2=0,4,1,6,8,3,7
HCrrvqm PAIR C1=0,4,1,6,8,5,2,7 C2=0,5,1,7,4,6,2,8
HCZfnrw PAIR C1=0,3,6,5,1,7,2,8 C2=0,5,2,6,1,8,3,7
HCZvfrw PAIR C1=0,5,1,6,2,7,3,8 C2=0,6,3,5,2,8,1,7
HCZvfrs PAIR C1=0,3,5,8,1,6,2,7 C2=0,6,3,7,1,5,2,8
HCZvfr[ PAIR C1=0,3,5,1,6,2,7,4,8 C2=0,6,3,8,5,2,4,1,7
HCZvfre PAIR C1=0,3,5,1,6,8,2,7 C2=0,5,2,6,3,7,1,8
HCZvfrU NOPAIR
HCZvfrM PAIR C1=0,5,1,4,8,6,2,7 C2=0,6,1,7,4,2,5,8
HCZvfpm PAIR C1=0,3,5,1,4,7,2,8,6 C2=0,5,2,4,8,1,6,3,7
HCZvfji PAIR C1=0,5,1,6,8,2,7 C2=0,6,2,5,7,1,8
HCZnfrw PAIR C1=0,3,6,1,5,2,7,4,8 C2=0,5,4,1,7,3,8,2,6
HCZnfrs PAIR C1=0,3,6,1,7,2,8,5 C2=0,6,2,5,1,8,3,7
HCZnfrq PAIR C1=0,3,6,1,5,4,7,2,8 C2=0,5,2,4,1,7,3,8,6
HCZnfri PAIR C1=0,5,1,4,7,2,8,6 C2=0,7,1,6,2,5,4,8
HCZnfre PAIR C1=0,5,1,4,7,2,8,6 C2=0,7,1,6,2,4,5,8
HCZnfpu PAIR C1=0,3,6,1,7,2,8,5 C2=0,6,2,5,1,8,3,7
HCZnfrM PAIR C1=0,5,1,4,8,6,2,7 C2=0,6,1,7,4,2,5,8
HCZnfq] PAIR C1=0,5,1,4,8,6,2,7 C2=0,6,1,7,4,2,5,8
HCZnfZq PAIR C1=0,5,1,6,8,2,7 C2=0,6,2,5,7,1,8
HCZ^frw PAIR C1=0,3,5,1,7,4,8 C2=0,5,4,1,8,3,7
HCZ^fr[ PAIR C1=0,3,5,1,7,4,8 C2=0,5,4,1,8,3,7
HCZ^fq{ PAIR C1=0,3,5,1,6,2,7,4,8 C2=0,5,8,2,4,1,7,3,6
HCZ^frq PAIR C1=0,3,5,1,4,7,2,6,8 C2=0,5,4,2,8,1,6,3,7
HCZ^frY PAIR C1=0,3,5,1,7,4,8 C2=0,5,4,1,8,3,7
HCZ^fre PAIR C1=0,5,1,4,7,2,8,6 C2=0,7,1,6,2,4,5,8
HCZ^frU NOPAIR
HCZ^frM PAIR C1=0,3,5,1,6,8,4,7 C2=0,6,3,7,1,4,5,8
HCZ^fqm PAIR C1=0,5,1,4,7,2,8,6 C2=0,7,1,6,2,4,5,8
HCzfbz[ PAIR C1=0,3,6,1,4,2,7,5,8 C2=0,4,7,3,8,1,5,2,6
HCzfbx{ PAIR C1=1,4,2,7,5,8 C2=1,5,2,8,4,7
HCzfbzq PAIR C1=0,3,6,1,7,4,2,8 C2=0,4,1,8,3,7,2,6
HCzfbzi PAIR C1=0,4,1,5,7,2,6,8 C2=0,5,2,8,4,7,1,6
HCzbvjw PAIR C1=0,4,1,5,7,2,8 C2=0,5,2,4,8,1,7
HCzbvjq PAIR C1=0,3,6,4,1,7,2,8 C2=0,4,2,6,1,8,3,7
HCzbvji PAIR C1=0,4,1,5,7,2,8 C2=0,5,2,4,8,1,7
HCzbvhy PAIR C1=0,3,6,1,4,8,2,5,7 C2=0,4,2,6,8,3,7,1,5
HCzbvhu PAIR C1=0,3,6,1,4,2,8,5,7 C2=0,4,6,2,7,3,8,1,5
HCzbvjM PAIR C1=0,4,1,6,2,7,5,8 C2=0,5,2,4,6,8,1,7
HCzbvhm NOPAIR
HCzbvi] PAIR C1=0,3,6,1,4,8,5,7 C2=0,4,6,8,3,7,1,5
HCxvfrs PAIR C1=0,3,6,1,7,4,2,8 C2=0,4,1,8,3,7,2,6
HCxvfr[ PAIR C1=0,3,5,1,6,2,7,4,8 C2=0,4,2,5,8,1,7,3,6
HCxvfrq PAIR C1=0,4,1,6,8,2,7 C2=0,6,2,4,7,1,8
HCxvfri PAIR C1=0,4,1,6,8,2,7 C2=0,6,2,4,7,1,8
HCxvfrY PAIR C1=0,3,6,1,8,4,7 C2=0,4,1,7,3,8,6
HCxvfpy PAIR C1=0,3,6,1,8,4,7 C2=0,4,1,7,3,8,6
HCxvfrU PAIR C1=0,3,5,1,4,7,2,6,8 C2=0,4,2,5,8,1,6,3,7
HCxvfp] PAIR C1=0,3,6,1,8,4,7 C2=0,4,1,7,3,8,6
HCxvfZk PAIR C1=1,4,2,7,5,8 C2=1,5,2,8,4,7
HCxvfZ[ PAIR C1=0,3,5,1,6,2,7,4,8 C2=0,4,2,5,7,1,8,3,6
HCxvfZq PAIR C1=0,4,1,6,8,2,7 C2=0,6,2,4,7,1,8
HCxvfZi PAIR C1=0,4,1,6,8,2,7 C2=0,6,2,4,7,1,8
HCxvfZY PAIR C1=0,3,5,1,4,7,2,6,8 C2=0,4,2,5,7,1,8,3,6
HCxvfZe PAIR C1=0,4,1,6,8,2,7 C2=0,6,2,4,7,1,8
HCxvez[ NOPAIR
HCxvey{ PAIR C1=0,3,5,1,6,2,8,4,7 C2=0,6,3,7,1,4,2,5,8
HCxvezi PAIR C1=0,3,5,1,6,2,8,4,7 C2=0,6,3,7,5,2,4,1,8
HCxvezY PAIR C1=0,3,6,1,8,4,7 C2=0,4,1,7,3,8,6
HCxvexy PAIR C1=0,3,6,1,8,4,7 C2=0,4,1,7,3,8,6
HCxvezM PAIR C1=0,3,5,7,1,8,6 C2=0,7,3,6,1,5,8
HCxvey] PAIR C1=0,3,5,1,6,8,4,7 C2=0,4,1,7,5,8,3,6
HCxvVjw PAIR C1=0,3,5,1,6,4,8,2,7 C2=0,4,1,8,3,7,5,2,6
HCxvVjk PAIR C1=0,4,1,6,2,7,5,8 C2=0,6,4,8,2,5,1,7
HCxvVji NOPAIR
HCxvVjY PAIR C1=0,3,5,1,4,8,6,2,7 C2=0,4,2,5,7,3,8,1,6
HCxvVjM PAIR C1=0,4,1,5,7,2,6,8 C2=0,6,4,2,5,8,1,7
HCxvVhm NOPAIR
HCxvVi] PAIR C1=0,4,1,5,8,6,2,7 C2=0,6,1,7,5,2,4,8
HCzvbrw PAIR C1=0,3,5,1,6,2,7,4 C2=0,5,2,4,1,7,3,6
HCzvbrs PAIR C1=0,3,5,1,6,2,7,4 C2=0,5,2,4,1,7,3,6
HCzvbrk PAIR C1=0,3,5,1,6,2,7,4 C2=0,5,2,4,1,7,3,6
HCzvbr[ PAIR C1=0,3,5,1,6,2,7,4 C2=0,5,2,4,1,7,3,6
HCzvbp{ PAIR C1=0,3,5,1,6,2,7,4 C2=0,5,2,4,1,7,3,6
HCzvbre PAIR C1=0,3,5,1,6,2,7,4 C2=0,5,2,4,1,7,3,6
HCzvbrU PAIR C1=0,3,5,1,6,2,7,4 C2=0,5,2,4,1,7,3,6
HCzvbq] PAIR C1=0,3,5,1,6,2,7,4 C2=0,5,2,4,1,7,3,6
HCzvbrX PAIR C1=0,3,5,1,6,2,7,4 C2=0,5,2,4,1,7,3,6
HCvbvjs PAIR C1=0,3,4,1,6,2,7,5,8 C2=0,4,6,3,7,1,8,2,5
HCvbvh{ PAIR C1=0,3,4,1,8,5,7 C2=0,4,8,3,7,1,5
HCvbvjq PAIR C1=0,3,4,1,5,7,2,6,8 C2=0,4,6,1,7,3,8,2,5
HCvbvji PAIR C1=0,4,1,5,7,2,6,8 C2=0,5,2,8,4,6,1,7
HCvbvjY NOPAIR
HCvbvjU PAIR C1=0,4,1,5,7,3,6,8 C2=0,5,8,3,4,6,1,7
HCvbvjM PAIR C1=0,3,4,1,6,8,5,7 C2=0,5,1,7,3,6,4,8
HCvbvim PAIR C1=0,4,1,5,7,2,6,8 C2=0,5,2,8,4,6,1,7
HCvbvh] PAIR C1=0,3,4,1,8,5,7 C2=0,4,8,3,7,1,5
HCvbvg} PAIR C1=0,3,6,1,4,8,5,7 C2=0,4,6,8,3,7,1,5
HCvbnrs PAIR C1=0,3,6,5,1,7,2,8 C2=0,5,2,6,1,8,3,7
HCvbnp{ PAIR C1=1,4,3,7,2,8,5,6 C2=1,5,2,6,3,8,4,7
HCvbnrU PAIR C1=0,4,1,5,8,6,3,7 C2=0,5,6,1,7,4,3,8
HCvbnrM PAIR C1=0,3,4,7,1,5,6,8 C2=0,5,8,4,1,6,3,7
HCvbnqm PAIR C1=0,4,1,5,6,8,2,7 C2=0,5,2,6,1,7,4,8
HCvbnq] PAIR C1=0,3,4,7,1,5,6,8 C2=0,5,8,4,1,6,3,7
HEhfvp{ PAIR C1=1,3,6,2,7,4,8 C2=1,6,4,2,8,3,7
HEhfvjk PAIR C1=0,3,1,6,4,8,2,7 C2=0,4,2,6,3,7,1,8
HEjfbzs PAIR C1=0,3,1,6,2,7,5,8 C2=0,5,2,8,1,7,3,6
HEjfbz[ PAIR C1=0,3,1,5,8,4,7,2,6 C2=0,4,2,5,7,1,6,3,8
HEjfbzq PAIR C1=0,3,1,5,7,2,6,8 C2=0,5,2,8,1,7,3,6
HEjfbzi PAIR C1=0,3,1,6,2,7,4,8 C2=0,4,2,8,1,7,3,6
HEjfbxy PAIR C1=0,3,1,5,2,7,4,8,6 C2=0,4,2,6,1,8,3,7,5
HEjfbze PAIR C1=0,3,1,5,7,2,6,8 C2=0,5,2,8,1,7,3,6
HEjfbzU NOPAIR
HEjfbyu PAIR C1=1,3,6,2,8,5,7 C2=1,5,2,7,3,8,6
HEjfbxu PAIR C1=1,3,6,2,8,5,7 C2=1,5,2,7,3,8,6
HEjfbzM PAIR C1=0,4,2,5,7,1,6,8 C2=0,5,1,8,4,7,2,6
HEjfby] PAIR C1=0,3,6,2,7,4,8,5 C2=0,4,2,5,7,3,8,6
HEjeuxm PAIR C1=0,4,6,1,8,5,7 C2=0,5,1,7,4,8,6
HEjerzw PAIR C1=0,3,1,5,7,2,8,4,6 C2=0,5,2,4,7,1,6,3,8
HEjerzk PAIR C1=0,3,1,5,7,2,8,4,6 C2=0,5,2,4,7,3,6,1,8
HEjerz[ PAIR C1=0,3,6,1,7,5,8,4 C2=0,5,1,8,3,7,4,6
HEjerzi PAIR C1=0,4,2,5,7,1,6,8 C2=0,5,1,8,2,7,4,6
HEjerzY NOPAIR
HEjeryy PAIR C1=0,3,1,5,2,7,4,6,8 C2=0,4,2,8,3,6,1,7,5
HEjerxy PAIR C1=0,3,1,5,2,7,4,8,6 C2=0,4,2,8,1,6,3,7,5
HEjerze PAIR C1=0,4,2,5,7,1,6,8 C2=0,5,1,8,2,7,4,6
HEjerzU NOPAIR
HEjerzM PAIR C1=0,3,1,5,7,4,8,6 C2=0,4,6,3,7,1,8,5
HEjery] PAIR C1=0,3,1,5,7,4,8,6 C2=0,4,6,1,7,3,8,5
HEjerw} PAIR C1=0,3,1,5,7,4,8,6 C2=0,4,6,1,7,3,8,5
HEjeq~k PAIR C1=0,4,6,1,7,5,8 C2=0,5,1,8,4,7,6
HEjbvrw PAIR C1=1,3,6,2,7,4,8 C2=1,6,4,2,8,3,7
HEjbvp{ PAIR C1=1,3,6,2,7,4,8 C2=1,6,4,2,8,3,7
HEjbvpy PAIR C1=1,3,6,2,7,4,8 C2=1,6,4,2,8,3,7
HEjbvre PAIR C1=0,3,1,6,8,5,2,7 C2=0,5,1,7,3,6,2,8
HEjbvqu PAIR C1=0,3,6,4,7,2,8 C2=0,4,2,6,8,3,7
HEjbvjs PAIR C1=0,3,1,7,5,8 C2=0,5,1,8,3,7
HEjbvj[ PAIR C1=0,3,1,7,5,8 C2=0,5,1,8,3,7
HEjbvi{ PAIR C1=0,3,1,5,7,2,6,4,8 C2=0,4,2,5,8,3,6,1,7
HEjbvji PAIR C1=0,3,1,6,4,8,2,7 C2=0,4,2,6,3,7,1,8
HEjbvhy PAIR C1=0,3,1,5,7,2,6,8,4 C2=0,5,2,4,6,1,8,3,7
HEjbviu PAIR C1=1,3,6,2,8,5,7 C2=1,5,2,7,3,8,6
HEjbvhu PAIR C1=1,3,6,2,8,5,7 C2=1,5,2,7,3,8,6
HEjbvhm PAIR C1=0,3,1,5,7,2,8,6,4 C2=0,5,2,4,8,1,6,3,7
HEjdnp{ PAIR C1=0,3,1,5,6,2,8,4,7 C2=0,4,2,5,8,1,7,3,6
HEirvZk PAIR C1=0,4,2,7,5,8 C2=0,5,2,8,4,7
HEirvY{ PAIR C1=0,4,2,7,5,8 C2=0,5,2,8,4,7
HEirvZq PAIR C1=0,3,1,6,4,7,2,8 C2=0,4,2,6,3,8,1,7
HEirvYy PAIR C1=0,3,5,2,6,8,4,7 C2=0,4,6,3,8,2,7,5
HEhvVrw PAIR C1=0,3,1,7,2,8,4,6 C2=0,4,2,6,1,8,3,7
HEhvVrk PAIR C1=0,3,1,5,8,2,6,4,7 C2=0,6,1,7,3,5,2,4,8
HEhvVrq PAIR C1=0,3,1,7,4,6,2,8 C2=0,4,2,7,3,8,1,6
HEhvVrY PAIR C1=0,3,1,7,4,8,6 C2=0,4,6,1,8,3,7
HEhvVpy PAIR C1=0,3,1,7,4,8,6 C2=0,4,6,1,8,3,7
HEhvVre PAIR C1=0,3,1,5,8,6,2,7 C2=0,6,1,7,3,5,2,8
HEhvVqu PAIR C1=0,3,1,5,8,6,2,7 C2=0,6,1,7,3,5,2,8
HEhvVpu PAIR C1=0,3,1,5,2,8,6,4,7 C2=0,4,2,7,3,5,8,1,6
HEhvVp] PAIR C1=0,3,1,7,4,8,6 C2=0,4,6,1,8,3,7
HEhvVjw PAIR C1=0,3,1,7,2,8,4,6 C2=0,4,2,6,1,8,3,7
HEhvVjs NOPAIR
HEhvVjq PAIR C1=0,3,1,5,7,2,6,8 C2=0,6,1,8,2,5,3,7
HEhvVji PAIR C1=0,3,1,5,7,2,6,8 C2=0,6,1,8,2,5,3,7
HEhvViy PAIR C1=0,3,1,5,7,2,8,6 C2=0,7,1,6,2,5,3,8
HEhvVhy PAIR C1=0,3,1,7,2,8,4,6 C2=0,4,2,6,1,8,3,7
HEhvViu PAIR C1=0,3,1,5,7,2,8,6 C2=0,7,1,6,2,5,3,8
HEhvVi] PAIR C1=0,3,5,7,2,4,8,6 C2=0,4,6,2,5,8,3,7
HEhvUzk PAIR C1=0,4,2,6,1,8,5,7 C2=0,6,4,7,1,5,2,8
HEhvUzY PAIR C1=0,3,1,7,4,8,6 C2=0,4,6,1,8,3,7
HEhvUxy PAIR C1=0,3,1,7,4,8,6 C2=0,4,6,1,8,3,7
HEhvUze PAIR C1=0,4,2,6,1,8,5,7 C2=0,6,4,7,1,5,2,8
HEhvUyu PAIR C1=0,3,5,7,4,2,8,6 C2=0,4,6,2,5,8,3,7
HEhvUzM PAIR C1=0,3,1,5,7,4,6,8 C2=0,4,8,5,3,7,1,6
HEhvUw} PAIR C1=0,3,1,5,8,6,4,7 C2=0,4,8,3,5,7,1,6
HEhvTzs PAIR C1=0,3,1,5,7,4,6,2,8 C2=0,4,2,7,3,5,8,1,6
HEhvTy{ NOPAIR
HEhvTzq PAIR C1=0,3,1,5,7,2,6,8 C2=0,6,1,8,2,5,3,7
HEhvTyu PAIR C1=0,3,5,7,2,4,6,8 C2=0,4,7,3,8,5,2,6
HEhvTx] PAIR C1=0,3,1,5,7,4,8,6 C2=0,4,6,1,8,5,3,7
HEhuvZw PAIR C1=0,3,1,5,7,2,8,4,6 C2=0,7,4,2,5,3,6,1,8
HEhuvZs PAIR C1=0,3,1,5,8,2,7,4,6 C2=0,4,2,5,7,1,6,3,8
HEhuvZk PAIR C1=0,3,1,5,7,2,8,4,6 C2=0,7,4,2,5,3,6,1,8
HEhuvZ[ PAIR C1=0,3,5,7,4,8,1,6 C2=0,4,6,3,8,5,1,7
HEhuvZY NOPAIR
HEhuvXy PAIR C1=1,3,5,2,8,6,4,7 C2=1,5,7,2,4,8,3,6
HEhuvY] PAIR C1=0,3,1,5,7,4,6,8 C2=0,4,8,5,3,6,1,7
HEhuvW} PAIR C1=0,3,1,5,8,6,4,7 C2=0,4,8,3,5,7,1,6
HEhutxm PAIR C1=0,3,1,5,7,4,8,6 C2=0,4,6,1,8,5,3,7
HEhurym PAIR C1=0,3,1,5,7,4,6,8 C2=0,4,8,5,3,7,1,6
HEhtvZw PAIR C1=0,3,1,5,7,2,6,4,8 C2=0,4,7,1,8,2,5,3,6
HEhtvZk PAIR C1=0,3,1,5,7,2,6,4,8 C2=0,4,7,1,8,2,5,3,6
HEhtvY{ PAIR C1=0,3,5,7,2,6,4,8 C2=0,6,3,8,5,2,4,7
HEhtvZq PAIR C1=0,3,1,5,7,2,6,8 C2=0,6,3,5,2,8,1,7
HEhtvXy PAIR C1=1,3,5,2,6,8,4,7 C2=1,5,7,2,4,6,3,8
HEhtvZe PAIR C1=0,3,1,5,7,2,6,8 C2=0,6,3,5,2,8,1,7
HEhtvYu PAIR C1=0,3,5,2,7,4,6,8 C2=0,4,2,6,3,8,5,7
HEhtvX] PAIR C1=0,3,1,5,7,4,8,6 C2=0,4,6,3,5,8,1,7
HEhtvW} PAIR C1=0,3,5,2,6,8,4,7 C2=0,4,2,7,5,8,3,6
HEhtt^s PAIR C1=0,3,5,7,6,2,8 C2=0,6,3,8,5,2,7
HEhrvZw PAIR C1=0,3,1,6,4,7,2,8 C2=0,4,2,6,3,8,1,7
HEhrvZq PAIR C1=0,3,1,6,4,7,2,8 C2=0,4,2,6,3,8,1,7
HEhrvXy PAIR C1=1,3,5,2,6,8,4,7 C2=1,5,7,2,4,6,3,8
HEhrvYu PAIR C1=0,3,5,2,7,4,6,8 C2=0,4,2,6,3,8,5,7
HEhrvXu NOPAIR
HEhrvY] PAIR C1=0,3,1,5,7,4,6,8 C2=0,4,8,5,3,6,1,7
HEhrvX] PAIR C1=1,5,2,6,8,4,7 C2=1,6,4,2,7,5,8
HEhtnrk PAIR C1=0,3,1,7,2,8,5,6 C2=0,7,3,6,2,5,1,8
HEnfbZw PAIR C1=0,3,1,5,7,4,2,6 C2=0,4,3,6,1,7,2,5
HEnfbZs PAIR C1=0,3,1,5,7,4,2,6 C2=0,4,3,6,1,7,2,5
HEnfbZk PAIR C1=0,3,1,5,7,4,2,6 C2=0,4,3,6,1,7,2,5
HEnfbZ[ PAIR C1=0,3,1,5,7,4,2,6 C2=0,4,3,6,1,7,2,5
HEnfbY{ PAIR C1=0,3,1,5,7,4,2,6 C2=0,4,3,6,1,7,2,5
HEnfbX{ PAIR C1=0,3,1,5,7,4,2,6 C2=0,4,3,6,1,7,2,5
HEnfbZq PAIR C1=0,3,1,5,7,4,2,6 C2=0,4,3,6,1,7,2,5
HEnfbZY PAIR C1=0,3,1,5,7,4,2,6 C2=0,4,3,6,1,7,2,5
HEnfbYy PAIR C1=0,3,1,5,7,4,2,6 C2=0,4,3,6,1,7,2,5
HEnfbZe PAIR C1=0,3,1,5,7,4,2,6 C2=0,4,3,6,1,7,2,5
HEnfbYu PAIR C1=0,3,1,5,7,4,2,6 C2=0,4,3,6,1,7,2,5
HEnfbZp PAIR C1=0,3,1,5,7,4,2,6 C2=0,4,3,6,1,7,2,5
HEnfbZX PAIR C1=0,3,1,5,7,4,2,6 C2=0,4,3,6,1,7,2,5
HEnfbYx PAIR C1=0,3,1,5,7,4,2,6 C2=0,4,3,6,1,7,2,5
HEnfbZT PAIR C1=0,3,1,5,7,4,2,6 C2=0,4,3,6,1,7,2,5
HEnfbYt PAIR C1=0,3,1,5,7,4,2,6 C2=0,4,3,6,1,7,2,5
HEnfbXt PAIR C1=0,3,1,5,7,4,2,6 C2=0,4,3,6,1,7,2,5
HEnbvJw PAIR C1=0,3,1,5,7,2,6,4 C2=0,5,2,4,3,6,1,7
HEnbvJs PAIR C1=0,3,1,5,7,2,6,4 C2=0,5,2,4,3,6,1,7
HEnbvJ[ PAIR C1=0,3,1,5,7,2,6,4 C2=0,5,2,4,3,6,1,7
HEnbvH{ PAIR C1=0,3,1,5,7,2,6,4 C2=0,5,2,4,3,6,1,7
HEnbvJY PAIR C1=0,3,1,5,7,2,6,4 C2=0,5,2,4,3,6,1,7
HEnbvI] PAIR C1=0,3,1,5,7,2,6,4 C2=0,5,2,4,3,6,1,7
HEnbvJd PAIR C1=0,3,1,5,7,2,6,4 C2=0,5,2,4,3,6,1,7
HEnbvJT PAIR C1=0,3,1,5,7,2,6,4 C2=0,5,2,4,3,6,1,7
HEnbvIt PAIR C1=0,3,1,5,7,2,6,4 C2=0,5,2,4,3,6,1,7
HEnbvI\ PAIR C1=0,3,1,5,7,2,6,4 C2=0,5,2,4,3,6,1,7
HEnbvH\ PAIR C1=0,3,1,5,7,2,6,4 C2=0,5,2,4,3,6,1,7
HEnbvG^ PAIR C1=0,3,1,5,7,2,6,4 C2=0,5,2,4,3,6,1,7
HQjVbzw PAIR C1=0,2,4,7,1,6,3,8 C2=0,4,8,1,3,7,2,6
HQjVbzq PAIR C1=0,2,6,1,5,7,3,8 C2=0,5,3,1,7,2,8,6
HQjVbzY PAIR C1=0,2,4,7,1,6,3,8 C2=0,4,8,1,3,7,2,6
HQjVbze PAIR C1=0,2,6,1,7,3,5,8 C2=0,5,7,2,8,1,3,6
HQjVbzM PAIR C1=0,2,4,7,1,5,8,6 C2=0,4,8,1,6,2,7,5
HQjVbym PAIR C1=0,2,4,7,1,3,5,8,6 C2=0,4,8,2,7,3,6,1,5
HQjVbxm PAIR C1=0,2,4,7,1,5,8,6 C2=0,4,8,1,6,2,7,5
HQjVRzw PAIR C1=0,2,4,6,1,5,7,3,8 C2=0,5,3,1,7,4,8,2,6
HQjVRzk PAIR C1=0,2,4,6,1,7,5,8 C2=0,5,1,8,4,7,2,6
HQjVRx{ PAIR C1=0,2,6,1,7,5,8,4 C2=0,5,1,8,2,7,4,6
HQjVRzq PAIR C1=0,2,6,1,5,7,3,8 C2=0,5,3,1,7,2,8,6
HQjVRzi PAIR C1=0,2,4,6,8 C2=0,4,8,2,6
HQjVRze PAIR C1=0,2,4,6,1,7,5,8 C2=0,4,7,2,6,8,1,5
HQjVRzU PAIR C1=0,2,4,6,1,7,5,8 C2=0,4,7,2,6,8,1,5
HQjRvrw PAIR C1=1,3,6,2,7,4,8 C2=1,6,4,2,8,3,7
HQjRvp{ PAIR C1=1,3,6,2,7,4,8 C2=1,6,4,2,8,3,7
HQjRvrq PAIR C1=0,2,4,6,1,8,3,7 C2=0,4,7,1,3,6,2,8
HQjRvpy PAIR C1=1,3,6,2,7,4,8 C2=1,6,4,2,8,3,7
HQjRvre PAIR C1=0,2,6,1,7,3,5,8 C2=0,5,1,3,6,8,2,7
HQjRvpu PAIR C1=0,2,4,6,1,5,8,3,7 C2=0,4,7,1,8,2,6,3,5
HQjRvjw PAIR C1=0,2,4,6,1,7,3,8 C2=0,4,8,1,3,6,2,7
HQjRvjk PAIR C1=0,2,4,6,1,3,7,5,8 C2=0,4,8,1,5,3,6,2,7
HQjRvjq PAIR C1=0,2,6,1,7,5,3,8 C2=0,5,1,3,6,8,2,7
HQjRvji PAIR C1=0,2,6,3,7,5,1,8 C2=0,5,3,1,6,8,2,7
HQjRvjY PAIR C1=0,2,4,6,1,7,3,8 C2=0,4,8,1,3,6,2,7
HQjRvhy PAIR C1=0,2,4,6,1,8,3,5,7 C2=0,4,8,2,6,3,7,1,5
HQjRvje PAIR C1=0,2,6,1,7,3,5,8 C2=0,5,1,3,6,8,2,7
HQjRvjU NOPAIR
HQjRvjM PAIR C1=0,2,4,6,1,8,5,7 C2=0,4,8,6,2,7,1,5
HQjRvhm PAIR C1=0,2,4,6,1,8,5,7 C2=0,4,8,6,2,7,1,5
HQjVNp{ PAIR C1=0,2,6,1,7,3,8,5 C2=0,6,5,3,1,8,2,7
HQzTrjw PAIR C1=0,2,4,1,5,7,3,6 C2=0,4,6,2,7,1,3,5
HQzTrjk PAIR C1=0,2,4,1,5,7,3,6 C2=0,4,6,2,7,1,3,5
HQzTrji PAIR C1=0,2,4,1,5,7,3,6 C2=0,4,6,2,7,1,3,5
HQyurjw PAIR C1=0,2,4,1,7,5,3,6 C2=0,4,6,1,3,7,2,5
HQyurjk PAIR C1=0,2,4,1,7,5,3,6 C2=0,4,6,1,3,7,2,5
HQyurj[ PAIR C1=0,2,4,1,7,5,3,6 C2=0,4,6,1,3,7,2,5
HQyurji PAIR C1=0,2,4,1,7,5,3,6 C2=0,4,6,1,3,7,2,5
HQyurjU PAIR C1=0,2,4,1,7,5,3,6 C2=0,4,6,1,3,7,2,5
