10 8 95 399 95 559 655 1008 1008 1008
6 4 63 63 63 63
10 8 175 95 63 655 783 1008 1008 1008
6 4 63 63 63 63
10 8 543 175 207 559 287 1008 1008 1008
6 4 63 63 63 63
10 8 95 111 159 175 783 1008 1008 1008
6 4 63 63 63 63
10 8 159 335 655 783 111 1008 1008 1008
6 4 63 63 63 63
10 8 335 335 175 559 159 1008 1008 1008
6 4 63 63 63 63
10 8 399 63 783 111 655 1008 1008 1008
6 4 63 63 63 63
10 8 399 111 591 287 655 1008 1008 1008
6 4 63 63 63 63
10 8 335 335 63 543 655 1008 1008 1008
6 4 63 63 63 63
10 8 335 175 175 783 543 1008 1008 1008
6 4 63 63 63 63
10 8 783 591 63 159 111 1008 1008 1008
6 4 63 63 63 63
10 8 287 783 159 111 111 1008 1008 1008
6 4 63 63 63 63
10 8 63 159 303 655 591 1008 1008 1008
6 4 63 63 63 63
10 8 111 287 159 559 591 1008 1008 1008
6 4 63 63 63 63
10 8 95 399 95 559 655 1008 1008 1008
6 4 63 63 63 63
10 8 175 111 95 655 783 1008 1008 1008
6 4 63 63 63 63
10 8 543 287 303 591 175 1008 1008 1008
6 4 63 63 63 63
10 8 655 335 287 175 63 1008 1008 1008
6 4 63 63 63 63
10 8 63 335 655 783 63 1008 1008 1008
6 4 63 63 63 63
10 8 63 591 543 399 335 1008 1008 1008
6 4 63 63 63 63
10 8 159 559 111 655 335 1008 1008 1008
6 4 63 63 63 63
10 8 175 335 287 559 207 1008 1008 1008
6 4 63 63 63 63
10 8 543 399 111 399 543 1008 1008 1008
6 4 63 63 63 63
10 8 335 559 175 159 783 1008 1008 1008
6 4 63 63 63 63
10 8 95 543 783 111 399 1008 1008 1008
6 4 63 63 63 63
6 4 63 63 63 63
7 5 126 126 125 119 123
6 4 63 63 63 63
7 5 126 126 125 119 123
6 4 63 63 63 63
7 5 126 126 125 95 123
6 4 63 63 63 63
7 5 126 126 125 95 123
6 4 63 63 63 63
7 5 126 126 125 111 123
6 4 63 63 63 63
7 5 126 126 125 119 111
6 4 63 63 63 63
7 5 126 126 125 111 119
6 4 63 63 63 63
7 5 126 126 125 63 111
6 4 63 63 63 63
7 5 126 126 125 63 95
6 4 63 63 63 63
7 5 126 126 123 119 125
6 4 63 63 63 63
7 5 126 126 123 63 125
6 4 63 63 63 63
7 5 126 126 123 95 125
6 4 63 63 63 63
7 5 126 126 123 111 125
6 4 63 63 63 63
7 5 126 126 95 119 125
6 4 63 63 63 63
7 5 126 126 95 63 125
6 4 63 63 63 63
7 5 126 126 119 63 125
6 4 63 63 63 63
7 5 126 126 63 123 125
6 4 63 63 63 63
7 5 126 126 63 95 125
6 4 63 63 63 63
7 5 126 126 111 63 125
6 4 63 63 63 63
7 5 126 126 111 95 125
6 4 63 63 63 63
7 5 126 126 95 111 125
6 4 63 63 63 63
7 5 126 126 123 119 63
6 4 63 63 63 63
7 5 126 126 123 111 119
6 4 63 63 63 63
7 5 126 126 123 111 119
6 4 63 63 63 63
7 5 126 126 123 63 95
6 4 63 63 63 63
7 5 126 126 123 125 63
6 4 63 63 63 63
7 5 126 126 123 111 95
6 4 63 63 63 63
7 5 126 126 95 119 123
6 4 63 63 63 63
7 5 126 126 119 63 123
6 4 63 63 63 63
7 5 126 126 111 63 123
6 4 63 63 63 63
7 5 126 126 95 119 111
6 4 63 63 63 63
7 5 126 126 63 119 111
6 4 63 63 63 63
7 5 126 126 95 63 119
6 4 63 63 63 63
7 5 126 126 95 63 119
6 4 63 63 63 63
7 5 126 126 95 123 119
6 4 63 63 63 63
7 5 126 126 63 125 119
6 4 63 63 63 63
7 5 126 126 63 95 119
6 4 63 63 63 63
7 5 126 126 63 125 119
6 4 63 63 63 63
7 5 126 126 111 95 119
6 4 63 63 63 63
7 5 126 126 111 123 119
6 4 63 63 63 63
7 5 126 126 95 111 119
6 4 63 63 63 63
7 5 126 126 63 111 119
6 4 63 63 63 63
7 5 126 126 95 123 111
6 4 63 63 63 63
7 5 126 126 95 123 111
6 4 63 63 63 63
7 5 126 126 119 63 111
6 4 63 63 63 63
7 5 126 126 119 95 111
6 4 63 63 63 63
7 5 126 126 119 95 111
6 4 63 63 63 63
7 5 126 126 119 95 111
6 4 63 63 63 63
7 5 126 126 63 95 111
6 4 63 63 63 63
7 5 126 126 63 123 111
6 4 63 63 63 63
7 5 126 126 119 125 95
6 4 63 63 63 63
7 5 126 126 63 123 95
6 4 63 63 63 63
7 5 126 126 119 95 63
6 4 63 63 63 63
7 5 126 126 119 95 63
6 4 63 63 63 63
7 5 126 126 119 95 63
6 4 63 63 63 63
7 5 126 126 111 125 63
6 4 63 63 63 63
7 5 126 126 111 95 63
6 4 63 63 63 63
7 5 126 126 63 111 95
6 4 63 63 63 63
7 5 126 126 63 111 95
6 4 63 63 63 63
7 5 126 126 119 111 63
7 5 126 126 95 119 63
7 5 126 126 125 95 123
7 5 126 126 95 111 63
7 5 126 126 125 111 123
7 5 126 126 123 119 95
7 5 126 126 125 111 123
7 5 126 126 123 63 119
7 5 126 126 125 123 119
7 5 126 126 111 63 95
7 5 126 126 125 63 111
7 5 126 126 111 119 123
7 5 126 126 125 123 95
7 5 126 126 119 123 63
7 5 126 126 125 123 95
7 5 126 126 63 95 123
7 5 126 126 125 95 63
7 5 126 126 111 119 95
7 5 126 126 125 111 63
7 5 126 126 119 123 111
7 5 126 126 125 111 63
7 5 126 126 111 63 125
7 5 126 126 119 123 125
7 5 126 126 95 111 63
7 5 126 126 119 123 125
7 5 126 126 63 125 119
7 5 126 126 63 123 125
7 5 126 126 111 119 63
7 5 126 126 95 111 125
7 5 126 126 111 123 119
7 5 126 126 123 119 111
7 5 126 126 119 95 63
7 5 126 126 123 95 119
7 5 126 126 63 123 95
7 5 126 126 123 125 111
7 5 126 126 63 123 119
7 5 126 126 123 125 111
7 5 126 126 95 123 111
7 5 126 126 123 125 95
7 5 126 126 95 63 125
7 5 126 126 95 63 123
7 5 126 126 95 125 119
7 5 126 126 119 63 123
7 5 126 126 95 111 125
7 5 126 126 119 125 123
7 5 126 126 119 111 63
7 5 126 126 63 125 123
7 5 126 126 123 95 111
7 5 126 126 111 95 123
7 5 126 126 63 119 95
7 5 126 126 111 125 123
7 5 126 126 119 123 95
7 5 126 126 95 111 123
7 5 126 126 123 119 111
7 5 126 126 95 63 119
7 5 126 126 95 119 125
7 5 126 126 95 123 119
7 5 126 126 63 123 111
7 5 126 126 63 123 119
7 5 126 126 125 123 119
7 5 126 126 63 125 119
7 5 126 126 111 63 125
7 5 126 126 111 123 119
7 5 126 126 119 95 125
7 5 126 126 111 123 119
7 5 126 126 111 123 125
7 5 126 126 111 95 119
7 5 126 126 63 95 125
7 5 126 126 95 63 111
7 5 126 126 95 63 123
7 5 126 126 95 123 111
7 5 126 126 125 111 63
7 5 126 126 95 123 63
7 5 126 126 123 95 119
7 5 126 126 95 123 63
7 5 126 126 95 119 63
7 5 126 126 119 123 63
7 5 126 126 63 125 95
7 5 126 126 111 63 95
7 5 126 126 119 125 111
7 5 126 126 111 123 95
8 6 207 246 215 246 207 187
7 5 111 123 119 119 123
8 6 219 219 238 190 238 111
7 5 63 63 123 123 111
8 6 190 235 190 221 243 190
7 5 126 63 119 126 119
8 6 190 235 235 190 190 235
7 5 126 126 125 125 95
8 6 187 187 246 207 231 187
7 5 123 123 125 125 111
8 6 219 219 245 183 183 123
7 5 63 95 95 119 63
8 6 189 189 243 123 189 243
7 5 119 95 123 123 63
8 6 111 111 111 215 245 215
7 5 95 126 126 95 123
8 6 175 175 175 221 246 221
7 5 123 123 95 95 125
8 6 111 189 111 252 249 250
7 5 63 123 126 111 111
8 6 221 123 123 123 237 175
7 5 123 125 119 125 95
8 6 238 238 95 95 95 235
7 5 111 111 126 63 63
8 6 222 175 252 119 249 222
7 5 63 123 123 119 95
8 6 250 95 250 250 215 215
7 5 123 123 111 111 119
8 6 222 95 125 245 252 63
7 5 111 119 63 95 119
8 6 125 119 207 222 207 252
7 5 123 126 119 126 123
8 6 190 95 95 190 95 189
7 5 123 123 63 111 125
8 6 243 238 243 238 243 238
7 5 125 119 125 126 123
8 6 246 246 63 63 237 231
7 5 95 126 126 95 111
8 6 245 215 238 126 238 215
7 5 125 119 119 123 125
8 6 126 125 222 221 235 125
7 5 125 125 95 119 95
8 6 250 221 238 119 221 187
7 5 119 126 95 126 95
8 6 207 207 189 183 243 243
7 5 111 111 63 63 95
8 6 126 187 187 187 119 126
7 5 123 126 111 123 111
8 6 252 252 111 231 252 111
7 5 95 95 119 123 125
8 6 245 159 111 189 159 252
7 5 63 63 125 126 126
8 6 63 238 63 238 63 238
7 5 123 126 119 95 119
8 6 238 189 238 189 189 95
7 5 63 95 125 63 95
8 6 119 119 159 119 235 159
7 5 95 119 95 123 119
8 6 237 250 250 237 250 237
7 5 119 126 126 95 111
8 6 235 249 215 215 252 189
7 5 95 119 119 126 95
8 6 125 175 175 222 125 222
7 5 111 63 125 123 119
8 6 119 119 207 219 222 235
7 5 126 63 125 125 119
8 6 221 63 63 249 119 249
7 5 123 111 125 95 125
8 6 207 189 207 189 189 126
7 5 95 123 123 95 126
8 6 231 231 175 126 125 246
7 5 95 95 126 119 126
8 6 243 243 222 219 125 111
7 5 95 126 119 119 125
8 6 243 243 175 175 243 252
7 5 63 119 95 63 119
8 6 250 125 125 175 187 119
7 5 119 111 119 125 111
8 6 221 219 231 219 231 183
7 5 63 126 111 126 95
8 6 246 125 237 207 175 222
7 5 111 95 123 119 111
8 6 250 183 250 183 183 222
7 5 63 95 63 95 126
8 6 111 183 111 111 215 221
7 5 111 125 111 63 125
8 6 243 231 126 243 175 123
7 5 95 63 119 95 63
8 6 235 235 222 222 235 222
7 5 111 111 119 125 119
8 6 95 231 222 222 238 231
7 5 123 95 126 126 123
8 6 190 219 183 190 125 219
7 5 119 95 63 126 63
8 6 111 111 250 119 183 183
7 5 111 123 123 119 126
8 6 189 189 95 126 215 189
7 5 119 123 123 111 119
8 6 215 189 189 189 246 246
7 5 125 63 95 95 123
8 6 159 183 249 249 219 189
7 5 111 111 126 123 123
8 6 250 250 183 119 250 159
7 5 95 111 126 111 125
8 6 252 63 63 252 235 238
7 5 119 125 119 111 125
8 6 237 126 237 243 250 183
7 5 125 126 95 63 126
8 6 111 231 187 231 123 245
7 5 63 63 111 125 95
8 6 95 246 189 95 245 250
7 5 123 123 63 63 111
8 6 237 190 126 221 243 235
7 5 95 125 126 126 63
8 6 245 245 126 111 215 111
7 5 125 123 95 126 123
8 6 189 189 235 235 235 245
7 5 119 125 63 125 123
8 6 219 95 219 238 238 238
7 5 125 119 123 123 125
8 6 221 187 187 221 187 231
7 5 123 123 125 63 63
8 6 238 219 238 250 159 235
7 5 123 111 123 111 95
8 6 125 125 238 231 243 222
7 5 95 119 119 125 95
8 6 95 231 252 243 243 126
7 5 119 119 95 123 125
8 6 252 245 250 189 243 238
7 5 95 126 95 111 126
8 6 175 175 126 126 221 123
7 5 125 63 123 123 125
8 6 175 126 215 238 175 249
7 5 123 123 95 126 126
8 6 189 95 215 95 238 111
7 5 119 95 126 126 119
8 6 246 219 63 215 126 190
7 5 111 63 63 95 119
8 6 249 187 95 95 183 249
7 5 123 125 63 125 95
8 6 238 245 63 235 219 126
7 5 95 95 111 63 63
8 6 123 207 250 123 246 245
7 5 123 63 126 63 119
8 6 187 187 187 252 111 111
7 5 119 119 111 126 111
8 6 111 219 111 238 249 183
7 5 111 111 63 126 126
8 6 237 237 237 215 215 215
7 5 125 95 125 123 111
8 6 222 222 222 237 237 237
7 5 123 126 125 125 63
8 6 243 252 252 189 243 235
7 5 119 119 111 126 111
8 6 246 219 246 219 219 119
7 5 125 126 125 123 111
8 6 126 252 126 235 243 187
7 5 63 119 63 95 111
8 6 119 246 111 159 159 221
7 5 63 123 126 123 126
8 6 243 243 175 243 175 111
7 5 95 95 126 125 125
8 6 231 190 231 190 190 231
7 5 125 123 123 125 95
8 6 249 222 252 252 123 183
7 5 111 126 123 95 126
8 6 231 231 219 231 250 250
7 5 123 63 63 95 111
8 6 219 219 246 246 95 246
7 5 123 63 63 126 95
8 6 252 207 95 187 235 252
7 5 123 125 126 111 119
8 6 175 252 175 221 252 175
7 5 123 125 125 63 126
8 6 95 95 238 246 159 249
7 5 119 119 63 123 123
8 6 238 111 183 159 111 159
7 5 111 111 123 123 63
8 6 252 183 252 215 183 237
7 5 126 126 119 119 95
8 6 221 119 119 221 123 249
7 5 111 125 126 111 63
8 6 126 126 126 215 237 189
7 5 63 126 123 63 119
8 6 123 123 123 245 222 183
7 5 111 119 119 111 95
8 6 252 252 252 123 123 123
7 5 126 119 95 111 111
8 6 189 207 189 246 249 246
7 5 63 119 126 119 126
8 6 222 243 243 237 95 125
7 5 123 123 126 126 63
8 6 125 125 246 215 125 250
7 5 123 123 95 95 125
8 6 235 246 235 189 189 235
7 5 95 126 95 126 125
8 6 125 125 238 125 238 238
7 5 63 125 125 119 123
8 6 215 187 222 123 123 222
7 5 123 119 123 126 119
8 6 249 183 183 123 123 215
7 5 63 63 126 126 125
8 6 249 126 159 126 249 126
7 5 111 125 111 125 63
8 6 125 235 125 159 235 238
7 5 119 111 123 63 119
8 6 222 245 245 245 123 123
7 5 111 95 123 111 123
8 6 190 95 190 215 245 95
7 5 123 63 95 123 63
8 6 237 159 235 237 119 250
7 5 119 123 126 119 126
8 6 95 189 249 231 63 189
7 5 126 95 119 111 95
8 6 123 123 252 231 123 231
7 5 63 123 125 111 123
8 6 175 175 221 190 243 207
7 5 125 111 125 111 63
8 6 125 125 123 175 175 215
7 5 95 125 125 95 119
8 6 215 235 235 175 190 215
7 5 125 111 125 119 95
8 6 221 221 175 238 189 238
7 5 95 95 123 119 119
8 6 219 219 111 119 119 231
7 5 95 119 95 119 63
8 6 238 245 245 126 159 245
7 5 123 123 63 111 63
8 6 231 190 190 190 245 231
7 5 111 111 125 95 125
8 6 175 219 111 219 221 249
7 5 125 123 111 111 123
8 6 249 159 126 243 249 231
7 5 126 126 119 95 119
8 6 245 222 175 245 190 245
7 5 123 111 111 119 63
8 6 183 183 249 183 249 249
7 5 119 95 95 119 126
8 6 237 175 126 237 126 63
7 5 111 111 119 63 63
8 6 125 125 215 159 237 187
7 5 111 125 126 111 63
8 6 237 237 159 237 159 95
7 5 123 95 111 111 125
8 6 126 237 237 126 237 187
7 5 123 63 95 123 95
8 6 246 63 63 246 246 63
7 5 95 111 111 125 119
8 6 183 215 215 222 123 123
7 5 95 95 119 111 126
8 6 249 119 119 111 219 189
7 5 111 111 123 123 95
8 6 175 246 183 175 125 252
7 5 125 125 119 123 123
8 6 249 249 159 159 249 238
7 5 119 111 125 111 125
8 6 252 252 111 119 119 189
7 5 126 95 63 63 111
8 6 250 231 215 250 123 215
7 5 95 111 111 123 126
8 6 219 219 189 95 249 189
7 5 126 126 63 63 123
8 6 238 238 243 243 63 249
7 5 63 95 63 111 125
8 6 245 111 219 111 235 219
7 5 119 111 125 119 111
8 6 245 215 235 245 190 249
7 5 123 95 63 126 123
8 6 221 190 237 221 159 190
7 5 123 119 123 95 119
8 6 189 119 119 246 125 159
7 5 63 125 126 126 123
8 6 159 252 252 159 252 95
7 5 111 119 126 126 95
8 6 215 215 126 249 249 215
7 5 126 119 63 111 119
8 6 95 246 246 95 95 249
7 5 95 95 119 63 63
8 6 246 221 111 221 111 111
7 5 123 125 123 126 125
8 6 175 175 95 111 243 243
7 5 63 126 123 126 123
8 6 125 246 190 125 125 190
7 5 63 123 125 125 123
8 6 237 190 246 159 119 119
7 5 95 95 125 111 123
8 6 111 111 111 215 245 215
7 5 63 126 63 95 111
8 6 63 123 222 222 252 237
7 5 95 63 119 95 123
8 6 249 63 126 237 126 235
7 5 119 63 63 111 95
8 6 221 246 221 237 238 63
7 5 119 111 95 123 123
8 6 207 249 221 175 243 207
7 5 126 126 123 63 119
8 6 243 125 243 125 243 63
7 5 123 119 126 123 126
8 6 243 243 190 207 207 119
7 5 95 95 119 111 119
8 6 231 231 126 231 126 126
7 5 126 123 111 126 123
8 6 231 231 187 190 231 187
7 5 95 63 95 119 119
8 6 119 119 250 250 250 119
7 5 126 63 126 63 111
8 6 231 219 231 219 221 231
7 5 95 119 95 119 111
8 6 237 237 222 222 237 222
7 5 125 125 126 126 111
8 6 111 243 243 111 243 189
7 5 123 125 125 95 95
8 6 175 175 175 249 249 249
7 5 126 126 63 95 63
8 6 123 252 252 252 123 123
7 5 111 63 111 95 95
8 6 237 237 215 237 215 215
7 5 123 119 119 125 123
8 6 63 63 237 237 63 237
7 5 119 119 63 123 123
8 6 159 246 246 159 159 246
7 5 126 126 63 125 63
8 6 219 175 175 123 123 175
7 5 63 125 125 63 126
8 6 235 235 235 159 159 159
7 5 125 111 125 123 123
8 6 219 219 190 190 190 219
7 5 119 125 111 125 119
8 6 222 222 125 222 235 235
7 5 63 123 123 63 119
8 6 126 231 231 126 126 231
7 5 111 111 63 63 95
8 6 119 215 123 207 207 123
7 5 111 119 119 126 126
8 6 187 125 125 125 222 187
7 5 119 126 119 123 126
8 6 175 175 95 95 95 175
7 5 119 126 111 111 125
8 6 250 250 175 250 175 175
7 5 63 63 119 119 123
8 6 126 126 183 126 183 187
7 5 119 95 111 111 95
8 6 175 175 175 245 245 245
7 5 123 63 123 111 63
8 6 249 95 249 249 95 95
7 5 119 119 123 95 123
8 6 125 125 125 215 215 215
7 5 126 126 123 125 63
8 6 215 215 190 190 215 190
7 5 126 95 95 125 125
8 6 250 250 95 95 231 95
7 5 111 126 63 63 119
8 6 246 175 246 219 219 219
7 5 95 125 63 95 123
8 6 207 207 123 123 123 207
7 5 126 126 123 123 111
8 6 238 238 238 125 125 125
7 5 125 63 111 125 111
8 6 126 237 243 126 126 235
7 5 126 125 126 111 111
8 6 207 249 249 207 249 207
7 5 95 63 63 125 125
8 6 215 215 249 215 249 249
7 5 119 123 123 111 126
8 6 95 95 245 95 245 245
7 5 95 123 123 126 95
8 6 126 183 183 126 126 183
7 5 119 119 95 125 125
8 6 111 245 111 245 111 245
7 5 111 111 126 126 95
8 6 189 219 189 219 219 189
7 5 63 63 111 126 111
8 6 249 231 249 231 249 231
7 5 125 119 111 111 119
8 6 95 245 235 175 95 235
7 5 126 126 125 125 95
8 6 63 245 245 63 245 63
7 5 63 111 111 126 126
8 6 249 119 119 119 249 249
7 5 111 111 119 119 63
8 6 245 245 245 63 63 175
7 5 119 119 123 63 123
8 6 215 215 189 215 189 189
7 5 119 111 63 111 63
8 6 250 231 231 250 231 250
7 5 123 63 63 123 95
8 6 252 119 252 119 119 252
7 5 123 95 95 125 125
8 6 231 231 159 159 159 231
7 5 95 95 63 63 119
8 6 189 222 222 222 189 189
7 5 123 123 119 126 126
8 6 183 123 207 207 123 245
7 5 119 119 95 123 95
8 6 237 243 219 219 119 245
7 5 119 125 119 63 63
8 6 63 63 221 221 221 63
7 5 123 126 95 95 123
8 6 175 215 215 175 175 215
7 5 119 123 119 63 63
8 6 252 252 243 252 183 183
7 5 123 119 123 63 119
8 6 207 207 207 119 119 119
7 5 125 125 123 63 63
8 6 250 245 245 250 245 250
7 5 95 95 126 111 126
8 6 246 246 249 249 249 246
7 5 111 119 119 111 125
8 6 119 119 119 219 219 219
7 5 63 126 63 123 126
8 6 190 190 190 119 221 221
7 5 123 123 125 125 126
8 6 126 159 159 159 126 126
7 5 125 119 126 126 125
8 6 187 111 111 187 187 111
7 5 63 123 111 126 111
8 6 119 119 187 187 187 119
7 5 111 111 95 126 126
8 6 187 111 111 111 250 187
7 5 119 123 123 95 119
8 6 221 111 111 111 221 221
7 5 63 125 63 95 125
8 6 246 175 175 119 119 175
7 5 63 111 119 119 63
8 6 221 111 221 111 111 221
7 5 126 125 125 126 123
8 6 250 111 111 250 111 250
7 5 119 95 111 111 95
8 6 175 119 119 119 207 252
7 5 123 123 63 119 63
8 6 245 245 245 111 111 111
7 5 125 126 125 126 63
8 6 111 245 111 245 245 111
7 5 123 119 111 123 119
8 6 189 111 189 222 111 222
7 5 63 126 119 126 63
8 6 221 123 221 123 221 123
7 5 63 63 95 125 126
8 6 207 207 207 252 252 252
7 5 123 95 63 123 63
8 6 119 119 219 119 219 219
7 5 95 126 126 111 111
8 6 249 246 249 246 249 246
7 5 125 63 125 63 126
8 6 219 219 63 63 63 219
7 5 95 123 95 126 123
8 6 231 175 125 125 125 183
7 5 126 123 126 123 63
8 6 175 175 123 123 238 245
7 5 125 125 123 123 95
8 6 235 235 95 95 95 235
7 5 126 63 63 123 126
8 6 125 219 219 175 125 125
7 5 126 126 119 63 63
8 6 125 125 125 159 159 159
7 5 63 63 123 111 111
8 6 250 250 250 125 119 119
7 5 95 95 123 123 111
8 6 119 159 159 119 159 252
7 5 126 125 111 125 126
8 6 238 238 63 63 63 238
7 5 123 95 95 123 126
8 6 126 126 126 221 221 221
7 5 111 126 126 111 95
8 6 159 111 159 111 111 159
7 5 111 111 126 125 126
8 6 63 63 63 243 243 243
7 5 123 119 95 119 95
8 6 119 119 119 175 175 175
7 5 123 95 95 123 119
8 6 119 119 219 119 219 219
7 5 126 111 111 63 126
8 6 189 189 189 119 238 238
7 5 126 123 119 111 111
8 6 222 222 123 123 222 123
7 5 123 95 63 95 63
8 6 219 219 125 125 125 187
7 5 126 95 123 95 111
8 6 231 231 187 187 187 252
7 5 95 63 95 123 123
8 6 190 123 190 190 123 123
7 5 125 125 123 63 123
8 6 126 243 243 126 243 126
7 5 125 125 111 111 63
8 6 222 222 123 123 222 123
7 5 95 63 63 119 126
8 6 123 123 222 123 222 245
7 5 119 119 63 123 63
8 6 95 237 237 95 95 237
7 5 111 111 63 63 119
8 6 249 207 207 207 249 123
7 5 111 111 126 95 95
8 6 187 187 231 231 187 231
7 5 95 63 123 95 123
8 6 252 252 231 231 252 231
7 5 119 63 126 126 119
8 6 126 126 243 126 243 243
7 5 123 125 111 123 111
8 6 221 111 221 111 221 111
7 5 95 95 119 119 125
8 6 235 235 252 235 252 252
7 5 63 111 63 125 111
8 6 222 222 222 245 245 245
7 5 119 63 95 63 119
8 6 125 235 125 215 125 235
7 5 111 95 125 125 111
8 6 125 246 125 246 63 246
7 5 95 95 125 119 125
8 6 175 175 125 175 125 125
7 5 111 111 123 63 63
8 6 215 215 123 123 215 123
7 5 119 126 119 95 126
8 6 249 222 249 175 250 190
7 5 123 63 63 123 125
8 6 237 222 222 237 222 237
7 5 126 95 95 111 126
8 6 95 95 189 111 183 183
7 5 123 123 95 95 119
8 6 219 219 238 219 238 238
7 5 63 111 111 123 125
8 6 189 123 190 189 123 123
7 5 125 63 63 126 95
8 6 250 245 250 245 250 245
7 5 123 95 123 125 119
8 6 63 207 249 249 207 249
7 5 119 119 123 123 95
8 6 187 119 119 187 119 187
7 5 123 123 63 126 63
8 6 238 238 238 243 243 189
7 5 126 125 125 95 95
8 6 123 123 159 123 159 159
7 5 111 111 95 95 123
8 6 187 125 187 125 125 175
7 5 63 95 95 125 125
8 6 189 189 219 219 189 231
7 5 123 126 123 111 126
8 6 219 119 183 119 219 219
7 5 111 125 111 119 125
8 6 246 246 246 219 219 219
7 5 95 63 126 95 63
8 6 235 235 246 246 246 219
7 5 95 111 95 111 125
8 6 119 190 119 190 119 190
7 5 63 95 63 126 126
8 6 126 126 245 245 126 245
7 5 63 63 95 119 95
8 6 183 221 221 183 183 221
7 5 125 95 125 126 95
8 6 95 95 231 95 231 231
7 5 63 126 125 125 63
8 6 126 126 219 126 159 219
7 5 111 123 111 123 126
8 6 221 221 221 246 246 246
7 5 123 95 123 95 63
8 6 183 183 183 125 125 125
7 5 126 126 123 63 123
8 6 189 189 189 250 250 250
7 5 95 111 126 111 126
8 6 231 187 187 231 187 231
7 5 95 126 126 95 125
8 6 119 119 119 219 175 175
7 5 119 123 119 95 123
8 6 207 246 207 246 190 207
7 5 119 63 119 63 125
8 6 215 215 250 215 250 250
7 5 119 119 63 63 123
8 6 215 215 175 175 215 175
7 5 125 63 63 125 123
8 6 243 125 243 125 125 243
7 5 95 125 125 123 95
8 6 215 207 125 207 123 123
7 5 125 125 63 123 119
8 6 189 222 189 222 222 189
7 5 95 95 126 111 111
8 6 95 249 249 95 249 95
7 5 123 95 95 126 126
8 6 119 189 119 189 189 119
7 5 119 119 63 63 111
8 6 246 246 189 246 189 189
7 5 95 123 125 63 95
8 6 235 235 221 235 221 221
7 5 63 119 63 119 125
8 6 119 238 119 238 238 119
7 5 125 125 63 126 126
8 6 207 207 187 187 207 187
7 5 95 123 119 95 123
8 6 207 207 249 249 207 189
7 5 123 111 111 123 95
8 6 119 119 238 250 159 119
7 5 123 123 95 126 126
8 6 207 252 237 63 63 237
7 5 63 119 119 125 125
8 6 123 190 190 190 123 123
7 5 63 126 126 111 119
8 6 175 245 175 175 245 245
7 5 63 63 119 111 119
8 6 222 222 123 123 222 123
7 5 123 123 125 63 125
8 6 221 175 175 221 175 221
7 5 63 119 126 63 119
7 5 63 126 125 119 119
7 5 126 125 111 126 95
7 5 125 126 63 125 63
7 5 125 119 119 126 125
7 5 95 95 126 123 123
7 5 126 111 111 125 119
7 5 119 123 126 119 63
7 5 126 111 111 63 126
7 5 119 119 63 63 126
7 5 95 119 119 125 126
7 5 126 119 95 119 126
7 5 63 119 95 95 123
7 5 126 111 63 111 123
7 5 63 119 126 95 126
7 5 125 126 95 123 95
7 5 123 123 111 126 126
7 5 126 126 95 111 111
7 5 123 123 111 111 63
7 5 123 125 63 111 111
7 5 125 63 63 125 126
7 5 125 119 119 63 126
7 5 125 111 95 95 119
7 5 63 95 63 111 123
7 5 111 125 63 111 95
7 5 126 119 119 123 111
7 5 119 119 123 111 123
7 5 119 119 125 111 95
7 5 125 125 119 126 95
7 5 111 125 123 111 126
7 5 119 111 123 119 63
7 5 95 126 95 126 125
7 5 63 125 63 111 95
7 5 123 123 63 63 119
7 5 63 125 125 123 63
7 5 123 63 123 111 63
7 5 63 95 95 119 63
7 5 123 123 95 95 119
7 5 63 123 123 125 125
7 5 95 63 63 126 95
7 5 63 63 95 95 123
7 5 125 125 123 119 123
7 5 125 125 123 123 126
7 5 95 123 126 95 63
7 5 123 119 123 125 126
7 5 126 126 119 95 119
7 5 111 119 119 95 111
7 5 123 95 123 126 95
7 5 125 125 95 119 95
7 5 119 119 63 95 63
7 5 63 123 123 63 111
7 5 63 125 125 123 126
7 5 111 125 63 63 95
7 5 119 111 119 126 111
7 5 111 63 63 126 95
7 5 125 123 125 123 63
7 5 111 95 111 119 119
7 5 95 119 95 119 123
7 5 126 95 123 95 123
7 5 123 119 119 111 123
7 5 123 125 123 63 125
7 5 111 63 125 119 125
7 5 95 95 125 119 119
7 5 123 123 111 95 95
7 5 123 125 123 63 125
7 5 95 123 126 95 126
7 5 123 123 95 95 126
7 5 123 125 95 95 125
7 5 63 63 123 125 123
7 5 111 111 123 125 123
7 5 126 126 119 123 95
7 5 119 123 123 126 111
7 5 63 126 125 95 111
7 5 123 63 123 126 126
7 5 126 111 123 126 123
7 5 63 63 95 125 95
7 5 111 95 123 95 111
7 5 111 119 126 95 111
7 5 123 123 119 125 119
7 5 126 126 125 95 95
7 5 63 125 123 111 123
7 5 126 119 119 63 126
7 5 123 125 111 125 111
7 5 126 63 111 126 111
7 5 126 126 123 63 111
7 5 95 125 119 111 95
7 5 126 119 95 95 125
7 5 63 63 111 111 125
7 5 119 119 126 63 63
7 5 63 126 63 123 123
7 5 111 95 63 111 119
7 5 126 111 111 126 95
7 5 123 111 123 126 119
7 5 95 111 125 126 95
7 5 95 123 126 126 123
7 5 125 119 126 119 126
7 5 125 63 125 123 63
7 5 123 125 126 126 125
7 5 125 126 63 126 63
7 5 126 111 111 125 126
7 5 111 95 95 111 63
7 5 125 123 95 95 125
7 5 126 125 63 126 63
7 5 111 111 95 119 95
7 5 123 95 119 123 63
7 5 126 95 126 95 63
7 5 123 119 111 119 123
7 5 63 63 123 126 126
7 5 125 111 111 63 125
7 5 125 111 119 111 95
7 5 126 111 126 123 111
7 5 123 63 123 95 63
7 5 95 123 63 95 63
7 5 126 126 63 111 63
7 5 63 63 95 125 125
7 5 119 111 95 63 111
7 5 123 125 125 123 119
7 5 123 119 123 125 119
7 5 63 125 119 119 95
7 5 63 126 125 123 126
7 5 63 111 126 111 125
7 5 111 119 125 125 123
7 5 95 126 119 125 126
7 5 126 119 63 95 119
7 5 119 95 125 119 125
7 5 95 126 126 123 123
7 5 63 126 126 111 125
7 5 95 63 119 126 95
7 5 123 111 123 111 125
7 5 95 95 123 123 125
7 5 125 95 123 125 119
7 5 123 123 125 111 95
7 5 95 95 125 63 126
7 5 126 119 95 126 119
7 5 119 126 111 126 111
7 5 95 126 125 125 111
7 5 111 95 111 95 63
7 5 119 119 95 126 95
7 5 123 123 111 63 63
7 5 95 63 125 111 63
7 5 111 123 123 95 95
7 5 63 111 111 63 125
7 5 111 123 123 119 126
7 5 95 126 125 119 63
7 5 123 125 111 111 123
7 5 126 126 95 125 111
7 5 123 123 119 95 119
7 5 119 123 119 95 123
7 5 111 126 125 111 63
7 5 126 125 126 125 119
7 5 63 119 125 126 126
7 5 119 126 125 125 119
7 5 126 125 126 95 63
7 5 126 63 126 95 95
7 5 111 119 63 63 111
7 5 119 119 125 123 123
7 5 63 95 63 95 123
7 5 95 126 125 63 126
7 5 123 63 126 119 123
7 5 119 119 126 95 95
7 5 126 123 63 125 123
7 5 95 126 95 111 111
7 5 63 123 95 63 111
7 5 63 63 125 126 119
7 5 125 126 123 125 126
7 5 123 95 111 111 125
7 5 123 126 63 63 111
7 5 119 123 125 63 126
7 5 119 95 119 95 63
7 5 126 123 126 63 63
7 5 119 111 111 63 63
7 5 63 125 126 95 126
7 5 63 126 95 125 126
7 5 63 63 111 111 126
7 5 123 63 119 95 111
7 5 119 123 95 123 95
7 5 126 111 63 123 63
7 5 119 63 119 63 125
7 5 95 95 119 111 63
7 5 95 63 63 125 125
7 5 111 125 119 63 63
7 5 119 119 95 123 95
7 5 119 125 119 123 126
7 5 126 126 63 123 125
7 5 63 63 126 111 125
7 5 63 111 63 111 126
7 5 126 125 126 123 123
7 5 119 125 125 111 63
7 5 63 123 123 126 119
7 5 119 126 119 125 125
7 5 125 125 126 126 123
7 5 119 95 126 119 63
7 5 63 119 126 111 126
7 5 63 123 123 125 125
7 5 111 63 111 95 63
7 5 95 63 63 119 111
7 5 119 119 123 95 123
7 5 111 123 123 95 125
7 5 126 123 125 119 126
7 5 126 63 95 95 126
7 5 119 125 111 123 119
7 5 119 123 123 125 125
7 5 125 123 125 95 95
7 5 63 111 125 63 111
7 5 125 123 119 119 123
7 5 95 119 119 95 63
7 5 125 119 119 123 111
7 5 63 126 126 123 95
7 5 126 125 95 95 123
7 5 63 126 126 63 111
7 5 126 95 95 119 126
7 5 95 95 63 63 126
7 5 126 126 111 95 95
7 5 119 126 123 119 126
7 5 95 111 125 63 125
7 5 123 126 125 119 63
7 5 125 125 119 95 119
7 5 63 126 123 63 123
7 5 95 123 123 126 95
7 5 126 63 126 63 119
7 5 95 126 111 95 111
7 5 119 125 125 63 63
7 5 95 95 111 125 125
7 5 119 119 125 63 126
7 5 63 63 119 123 111
7 5 111 111 123 63 123
7 5 111 95 95 111 63
7 5 123 125 119 119 123
7 5 119 126 119 123 126
7 5 126 119 119 111 125
7 5 63 63 95 111 125
7 5 125 125 63 123 119
7 5 119 125 123 119 126
7 5 123 111 123 95 111
7 5 126 119 126 119 63
7 5 123 123 95 125 125
7 5 63 119 119 111 111
7 5 63 119 63 123 95
7 5 126 125 123 123 125
7 5 126 111 123 95 95
7 5 126 63 119 111 126
7 5 111 123 126 126 125
7 5 126 111 111 126 125
7 5 95 95 125 123 123
7 5 63 126 63 123 125
7 5 125 63 95 95 63
7 5 111 126 63 111 119
7 5 111 111 125 95 95
7 5 119 126 95 123 119
7 5 111 125 95 125 111
7 5 123 95 95 123 63
7 5 95 119 125 119 123
7 5 95 125 125 95 126
7 5 123 111 63 63 123
7 5 123 95 123 95 63
7 5 63 63 125 125 126
7 5 119 123 111 119 123
7 5 123 95 111 119 123
7 5 111 126 125 95 95
7 5 125 95 95 63 111
7 5 95 111 63 125 119
7 5 125 123 125 111 123
7 5 63 95 126 95 63
7 5 125 125 126 119 63
7 5 95 126 119 95 123
7 5 111 111 95 125 126
7 5 119 123 125 126 63
7 5 123 63 95 111 95
7 5 126 95 63 95 126
7 5 119 95 119 63 123
7 5 63 63 125 126 125
7 5 126 125 125 119 126
7 5 63 95 126 126 63
7 5 123 126 126 119 63
7 5 95 95 63 111 123
7 5 63 63 126 119 126
7 5 111 111 123 63 126
7 5 125 125 63 95 123
7 5 95 95 119 126 126
7 5 126 95 125 125 111
7 5 119 119 63 126 126
7 5 125 125 95 126 95
7 5 95 95 123 119 123
7 5 111 125 125 111 119
7 5 95 95 123 63 123
7 5 95 95 119 126 119
7 5 125 63 125 126 111
7 5 95 119 111 126 119
7 5 119 63 119 63 95
7 5 123 125 63 123 63
7 5 119 63 125 123 125
7 5 63 111 63 123 123
7 5 63 119 111 111 63
7 5 111 63 123 126 123
7 5 95 126 125 95 125
7 5 123 119 123 119 95
7 5 119 95 119 125 63
7 5 126 63 125 63 125
7 5 126 63 126 123 123
7 5 125 125 119 63 63
7 5 119 126 63 119 126
9 7 470 470 470 429 490 441 125
6 4 63 63 63 63
9 7 111 159 159 366 366 366 497
6 4 63 63 63 63
9 7 469 347 125 469 347 315 490
6 4 63 63 63 63
9 7 429 476 476 490 490 429 119
6 4 63 63 63 63
9 7 411 441 411 363 373 373 246
6 4 63 63 63 63
9 7 474 359 474 359 474 474 189
6 4 63 63 63 63
9 7 159 411 215 473 500 123 365
6 4 63 63 63 63
9 7 287 483 287 483 175 287 380
6 4 63 63 63 63
9 7 126 126 371 430 441 441 469
6 4 63 63 63 63
9 7 315 399 221 315 235 235 470
6 4 63 63 63 63
9 7 95 500 95 315 500 374 399
6 4 63 63 63 63
9 7 235 235 235 492 374 374 287
6 4 63 63 63 63
9 7 469 187 187 378 187 221 485
6 4 63 63 63 63
9 7 485 485 485 497 318 318 95
6 4 63 63 63 63
9 7 243 303 243 429 470 470 365
6 4 63 63 63 63
9 7 350 350 476 429 350 429 243
6 4 63 63 63 63
9 7 470 497 497 497 222 222 303
6 4 63 63 63 63
9 7 317 311 235 235 235 317 414
6 4 63 63 63 63
9 7 498 435 435 221 470 221 365
6 4 63 63 63 63
9 7 498 498 221 317 498 221 486
6 4 63 63 63 63
9 7 413 483 221 221 215 483 366
6 4 63 63 63 63
9 7 380 441 485 470 63 63 437
6 4 63 63 63 63
9 7 459 437 459 231 373 238 349
6 4 63 63 63 63
9 7 318 347 187 469 373 187 238
6 4 63 63 63 63
9 7 366 366 373 187 187 187 350
6 4 63 63 63 63
9 7 378 378 246 311 441 441 335
6 4 63 63 63 63
9 7 350 489 350 489 350 492 183
6 4 63 63 63 63
9 7 500 500 500 219 219 378 427
6 4 63 63 63 63
9 7 190 190 371 380 371 378 207
6 4 63 63 63 63
9 7 111 343 215 215 347 111 444
6 4 63 63 63 63
9 7 347 378 347 444 238 359 238
6 4 63 63 63 63
9 7 63 63 63 473 63 483 498
6 4 63 63 63 63
9 7 347 347 347 498 237 455 189
6 4 63 63 63 63
9 7 350 250 175 359 459 350 365
6 4 63 63 63 63
9 7 237 311 311 237 215 237 498
6 4 63 63 63 63
9 7 438 235 377 469 315 374 377
6 4 63 63 63 63
9 7 414 414 231 231 380 414 371
6 4 63 63 63 63
9 7 373 311 473 473 359 373 238
6 4 63 63 63 63
9 7 483 483 249 126 380 483 414
6 4 63 63 63 63
9 7 500 500 467 467 221 222 303
6 4 63 63 63 63
9 7 231 231 476 476 467 476 318
6 4 63 63 63 63
9 7 119 119 119 483 235 441 350
6 4 63 63 63 63
9 7 317 243 243 243 317 243 462
6 4 63 63 63 63
9 7 318 215 435 190 190 238 365
6 4 63 63 63 63
9 7 407 374 374 175 374 399 489
6 4 63 63 63 63
9 7 159 470 238 470 159 365 243
6 4 63 63 63 63
9 7 498 498 287 498 429 455 126
6 4 63 63 63 63
9 7 219 438 219 374 311 311 237
6 4 63 63 63 63
9 7 343 343 343 252 175 189 123
6 4 63 63 63 63
9 7 190 190 190 500 215 435 365
6 4 63 63 63 63
9 7 189 490 189 490 189 373 215
6 4 63 63 63 63
9 7 95 219 399 489 489 219 486
6 4 63 63 63 63
9 7 423 423 378 377 423 377 219
6 4 63 63 63 63
9 7 473 473 246 190 473 246 111
6 4 63 63 63 63
9 7 250 250 399 119 399 250 476
6 4 63 63 63 63
9 7 380 187 469 187 469 365 119
6 4 63 63 63 63
9 7 476 427 245 427 245 245 123
6 4 63 63 63 63
9 7 492 411 411 411 111 492 483
6 4 63 63 63 63
9 7 429 343 435 126 315 435 207
6 4 63 63 63 63
9 7 462 483 125 349 243 462 442
6 4 63 63 63 63
9 7 111 414 187 430 430 111 373
6 4 63 63 63 63
9 7 444 125 435 486 498 498 159
6 4 63 63 63 63
9 7 441 243 413 243 317 335 190
6 4 63 63 63 63
9 7 231 413 413 231 413 470 123
6 4 63 63 63 63
9 7 498 498 123 175 237 498 461
6 4 63 63 63 63
9 7 219 366 219 219 252 366 423
6 4 63 63 63 63
9 7 252 252 371 252 335 371 190
6 4 63 63 63 63
9 7 414 414 363 414 430 489 231
6 4 63 63 63 63
9 7 187 187 347 190 252 347 423
6 4 63 63 63 63
9 7 366 366 469 469 504 366 187
6 4 63 63 63 63
9 7 123 438 123 438 123 377 462
6 4 63 63 63 63
9 7 303 303 486 252 252 303 219
6 4 63 63 63 63
9 7 444 183 365 126 490 490 461
6 4 63 63 63 63
9 7 231 492 231 125 219 490 437
6 4 63 63 63 63
9 7 486 411 377 437 63 378 411
6 4 63 63 63 63
9 7 221 483 347 221 489 221 442
6 4 63 63 63 63
9 7 497 497 497 222 190 190 365
6 4 63 63 63 63
9 7 219 219 315 429 485 485 474
6 4 63 63 63 63
9 7 407 235 407 235 407 476 315
6 4 63 63 63 63
9 7 125 490 490 490 125 125 407
6 4 63 63 63 63
9 7 249 252 249 378 123 462 311
6 4 63 63 63 63
9 7 414 414 119 119 119 414 489
6 4 63 63 63 63
9 7 492 250 250 315 318 95 373
6 4 63 63 63 63
9 7 413 413 123 413 413 123 486
6 4 63 63 63 63
9 7 467 317 317 317 474 474 237
6 4 63 63 63 63
9 7 435 435 435 125 347 125 492
6 4 63 63 63 63
9 7 414 442 95 500 500 317 459
6 4 63 63 63 63
9 7 378 378 175 175 378 175 469
6 4 63 63 63 63
9 7 318 238 459 219 318 335 500
6 4 63 63 63 63
9 7 411 343 366 411 423 366 249
6 4 63 63 63 63
9 7 249 111 427 287 427 111 498
6 4 63 63 63 63
9 7 469 492 349 126 126 469 427
6 4 63 63 63 63
9 7 318 318 111 221 444 221 435
6 4 63 63 63 63
9 7 123 123 413 123 311 183 486
6 4 63 63 63 63
9 7 335 430 335 335 474 435 125
6 4 63 63 63 63
9 7 461 111 476 111 476 183 504
6 4 63 63 63 63
9 7 119 119 462 462 462 470 441
6 4 63 63 63 63
9 7 459 459 95 359 125 125 438
6 4 63 63 63 63
9 7 489 189 95 335 335 189 486
6 4 63 63 63 63
9 7 350 413 350 349 437 437 235
6 4 63 63 63 63
9 7 462 462 435 462 462 435 125
6 4 63 63 63 63
9 7 378 378 245 318 378 245 461
6 4 63 63 63 63
9 7 175 455 125 175 476 455 250
6 4 63 63 63 63
9 7 427 359 221 427 315 221 430
6 4 63 63 63 63
9 7 380 380 441 380 243 243 207
6 4 63 63 63 63
9 7 373 373 500 462 123 123 190
6 4 63 63 63 63
9 7 413 413 490 413 490 287 246
6 4 63 63 63 63
9 7 189 347 347 231 347 231 500
6 4 63 63 63 63
9 7 350 243 317 317 303 190 231
6 4 63 63 63 63
9 7 414 243 365 365 95 414 427
6 4 63 63 63 63
9 7 159 303 303 243 303 125 476
6 4 63 63 63 63
9 7 125 497 474 486 125 111 63
6 4 63 63 63 63
9 7 347 347 175 317 175 437 246
6 4 63 63 63 63
9 7 377 470 235 235 444 470 377
6 4 63 63 63 63
9 7 318 318 485 485 378 175 219
6 4 63 63 63 63
9 7 245 245 413 190 411 126 399
6 4 63 63 63 63
9 7 476 287 455 378 243 252 492
6 4 63 63 63 63
9 7 123 414 123 215 414 444 459
6 4 63 63 63 63
9 7 343 414 476 437 318 476 235
6 4 63 63 63 63
9 7 490 349 490 490 349 349 183
6 4 63 63 63 63
9 7 461 461 430 490 243 476 315
6 4 63 63 63 63
9 7 373 371 250 126 476 476 429
6 4 63 63 63 63
9 7 315 414 111 315 111 245 437
6 4 63 63 63 63
9 7 238 238 215 437 238 437 315
6 4 63 63 63 63
9 7 455 504 504 455 123 461 427
6 4 63 63 63 63
9 7 462 437 374 437 462 462 123
6 4 63 63 63 63
9 7 189 189 374 189 374 159 363
6 4 63 63 63 63
9 7 474 441 407 119 119 365 437
6 4 63 63 63 63
9 7 303 500 411 411 303 500 222
6 4 63 63 63 63
9 7 235 315 469 469 462 246 246
6 4 63 63 63 63
9 7 183 183 485 473 183 459 126
6 4 63 63 63 63
9 7 444 423 249 444 492 63 335
6 4 63 63 63 63
9 7 343 238 343 238 343 303 504
6 4 63 63 63 63
9 7 423 423 222 222 347 363 461
6 4 63 63 63 63
9 7 459 63 237 473 63 63 486
6 4 63 63 63 63
9 7 119 119 119 250 442 311 461
6 4 63 63 63 63
9 7 189 250 189 504 189 423 343
6 4 63 63 63 63
9 7 399 380 159 380 399 399 498
6 4 63 63 63 63
9 7 189 483 347 347 483 430 287
6 4 63 63 63 63
9 7 222 95 221 500 490 95 423
6 4 63 63 63 63
9 7 500 500 500 219 219 500 303
6 4 63 63 63 63
9 7 63 189 470 470 470 423 490
6 4 63 63 63 63
9 7 407 498 407 492 407 380 111
6 4 63 63 63 63
9 7 175 183 462 175 215 462 377
6 4 63 63 63 63
9 7 63 63 500 500 500 500 459
6 4 63 63 63 63
9 7 207 207 207 435 363 435 504
6 4 63 63 63 63
9 7 287 489 492 287 287 287 231
6 4 63 63 63 63
9 7 95 95 461 423 95 119 442
6 4 63 63 63 63
9 7 238 374 427 438 427 126 221
6 4 63 63 63 63
9 7 474 311 474 366 311 311 252
6 4 63 63 63 63
8 6 238 190 245 219 63 231
7 5 123 95 123 125 111
8 6 250 231 175 221 111 250
7 5 119 119 125 123 126
8 6 252 221 250 187 159 219
7 5 63 123 95 126 63
8 6 123 119 238 222 111 231
7 5 123 63 119 125 119
8 6 252 221 221 119 235 250
7 5 126 111 119 119 125
8 6 252 126 207 183 207 219
7 5 126 95 111 125 123
8 6 183 237 126 215 183 63
7 5 111 119 123 119 63
8 6 221 249 235 183 243 126
7 5 123 111 95 111 126
8 6 207 215 126 111 187 189
7 5 95 111 119 125 95
8 6 235 243 246 189 252 95
7 5 119 95 126 95 63
8 6 207 175 215 219 245 123
7 5 123 95 119 125 125
8 6 237 215 119 183 221 237
7 5 119 111 95 125 95
8 6 189 238 189 246 111 243
7 5 126 126 95 125 125
8 6 111 190 126 63 183 250
7 5 63 111 125 63 111
8 6 250 63 119 190 95 222
7 5 125 126 123 125 95
8 6 221 252 219 246 123 252
7 5 119 126 119 123 111
8 6 63 189 189 222 126 207
7 5 123 95 125 111 63
8 6 219 237 123 245 187 238
7 5 119 63 123 126 95
8 6 119 175 219 175 243 175
7 5 111 119 63 126 126
8 6 231 250 215 231 123 187
7 5 126 119 123 126 119
8 6 231 95 95 175 63 245
7 5 119 111 123 125 95
8 6 215 221 126 183 63 215
7 5 119 123 95 63 95
8 6 207 245 111 219 63 238
7 5 95 123 126 111 123
8 6 250 183 175 222 250 125
7 5 125 111 123 111 95
8 6 95 190 231 243 249 238
7 5 63 125 125 123 95
8 6 190 219 111 111 250 187
7 5 123 111 123 95 126
8 6 125 187 235 111 219 119
7 5 119 95 95 123 126
8 6 190 249 219 207 175 159
7 5 111 111 95 126 125
8 6 207 215 183 215 111 235
7 5 63 123 125 95 95
8 6 126 207 249 190 237 221
7 5 95 95 123 119 111
8 6 219 246 219 246 189 249
7 5 63 123 125 119 119
8 6 221 243 189 207 190 126
7 5 125 111 63 123 123
8 6 252 246 123 175 95 207
7 5 111 123 123 125 125
8 6 231 237 231 222 189 215
7 5 111 123 95 111 126
8 6 246 159 222 245 95 189
7 5 125 119 111 123 63
8 6 231 190 187 235 175 243
7 5 119 111 63 125 95
8 6 246 126 245 125 125 231
7 5 126 111 125 95 119
8 6 183 111 245 189 246 190
7 5 111 111 119 119 126
8 6 221 190 222 252 249 111
7 5 95 63 125 123 119
8 6 235 250 219 183 189 221
7 5 111 119 123 95 111
8 6 249 126 125 159 126 237
7 5 119 123 95 126 63
8 6 189 190 63 126 250 237
7 5 123 125 95 119 119
8 6 123 237 249 175 222 215
7 5 123 123 63 125 95
8 6 207 245 231 189 215 95
7 5 95 95 125 111 126
8 6 123 221 243 111 246 63
7 5 123 123 95 63 125
8 6 246 245 190 207 111 119
7 5 125 111 126 126 119
8 6 246 183 252 250 235 159
7 5 125 123 119 126 126
8 6 187 237 221 221 238 207
7 5 126 63 125 63 111
8 6 221 190 222 119 187 237
7 5 123 63 119 125 123
8 6 222 249 237 119 250 189
7 5 95 126 119 119 95
8 6 189 175 231 250 63 237
7 5 95 111 95 123 119
8 6 207 249 190 187 235 190
7 5 125 119 63 126 95
8 6 231 190 222 235 159 249
7 5 125 123 119 119 125
8 6 63 246 207 159 123 243
7 5 63 125 125 123 111
8 6 246 159 250 246 235 159
7 5 123 125 125 123 111
8 6 235 246 187 189 246 252
7 5 111 125 125 123 95
8 6 221 123 111 231 245 245
7 5 119 123 126 123 125
8 6 175 252 237 95 183 237
7 5 123 63 119 126 123
8 6 238 111 183 111 250 190
7 5 126 125 119 126 63
8 6 123 207 63 219 252 238
7 5 95 119 111 63 119
8 6 175 95 183 183 252 95
7 5 111 63 111 119 95
8 6 235 189 175 250 238 215
7 5 119 126 95 125 63
8 6 215 190 219 221 190 249
7 5 126 125 125 126 95
8 6 111 189 187 250 245 189
7 5 119 111 126 63 123
8 6 175 159 125 221 231 125
7 5 63 119 63 126 126
8 6 221 123 219 125 246 235
7 5 123 95 119 125 63
8 6 235 125 243 126 252 237
7 5 119 95 123 126 126
8 6 222 250 235 125 95 63
7 5 63 111 126 95 126
8 6 187 237 237 238 119 246
7 5 126 119 123 63 119
8 6 215 190 95 215 119 175
7 5 95 125 111 111 95
8 6 249 221 111 215 237 222
7 5 119 111 126 119 63
8 6 207 95 119 221 190 123
7 5 111 125 119 95 126
8 6 235 245 190 231 252 187
7 5 126 111 119 126 95
8 6 235 246 219 237 237 183
7 5 123 63 95 123 125
8 6 219 190 245 125 187 215
7 5 63 111 125 125 111
8 6 119 235 221 175 183 238
7 5 63 126 126 95 125
8 6 111 250 231 219 221 63
7 5 119 63 126 126 111
8 6 190 119 215 159 235 252
7 5 119 63 119 123 125
8 6 125 219 231 252 159 243
7 5 111 111 123 126 63
8 6 63 187 119 231 221 189
7 5 119 111 123 95 119
8 6 95 189 125 119 159 235
7 5 111 125 126 119 123
8 6 238 159 250 125 183 249
7 5 119 95 126 123 95
8 6 183 126 111 245 187 246
7 5 126 126 125 95 125
8 6 189 243 63 246 237 243
7 5 123 63 111 126 125
8 6 250 243 238 126 237 111
7 5 125 125 111 95 123
8 6 159 243 111 189 190 125
7 5 126 63 119 125 123
8 6 63 219 245 221 111 126
7 5 126 119 95 123 126
8 6 249 235 159 119 249 125
7 5 125 126 95 111 95
8 6 238 246 221 95 119 252
7 5 123 111 111 63 119
8 6 190 187 231 246 222 235
7 5 119 63 111 111 95
8 6 63 190 243 183 252 125
7 5 111 95 63 126 125
8 6 175 159 245 125 119 249
7 5 125 126 63 95 95
8 6 119 95 238 246 183 250
7 5 111 95 125 111 119
8 6 246 215 215 126 175 111
7 5 123 63 123 126 63
8 6 123 183 207 187 159 252
7 5 63 123 95 126 125
8 6 252 189 243 252 95 231
7 5 123 63 111 119 126
8 6 235 119 221 221 235 126
7 5 125 119 111 119 63
8 6 63 221 235 175 231 243
7 5 119 125 126 125 123
8 6 243 183 175 95 238 123
7 5 119 125 63 119 95
8 6 207 123 250 231 119 183
7 5 111 126 119 95 123
8 6 245 95 221 187 175 175
7 5 111 111 123 126 123
8 6 252 231 189 249 95 183
7 5 119 126 119 123 123
8 6 249 219 249 245 222 183
7 5 119 126 111 126 123
8 6 245 159 111 235 238 243
7 5 63 95 119 126 111
8 6 159 125 250 125 189 222
7 5 123 119 126 95 111
8 6 190 125 190 123 189 111
7 5 126 123 125 63 63
8 6 238 243 123 219 252 189
7 5 63 123 95 125 111
8 6 237 221 249 63 243 246
7 5 111 119 95 63 125
8 6 123 183 246 219 175 215
7 5 111 63 123 125 123
8 6 237 252 231 123 249 222
7 5 95 126 111 126 95
8 6 215 126 235 187 175 95
7 5 111 95 125 125 119
8 6 187 119 126 221 238 189
7 5 125 125 119 95 63
8 6 123 250 159 249 238 246
7 5 126 63 123 126 123
8 6 246 245 231 249 190 187
7 5 111 123 111 126 125
8 6 238 126 187 119 231 245
7 5 126 126 95 125 63
8 6 207 189 243 125 237 183
7 5 125 119 126 123 63
8 6 231 95 249 219 159 243
7 5 126 125 63 125 123
8 6 189 231 95 215 207 187
7 5 111 119 123 125 95
8 6 190 111 250 126 207 221
7 5 123 123 111 119 63
8 6 219 175 245 111 231 222
7 5 125 95 123 123 111
8 6 246 237 221 222 125 222
7 5 111 126 125 95 63
8 6 238 252 125 222 175 63
7 5 125 95 126 111 63
8 6 252 238 187 63 207 175
7 5 123 123 95 126 95
8 6 159 125 238 123 190 215
7 5 63 123 126 95 123
8 6 235 126 237 245 215 190
7 5 63 95 125 111 125
8 6 249 245 207 189 250 183
7 5 125 111 126 126 125
8 6 159 219 189 231 125 126
7 5 126 125 125 119 123
8 6 175 246 231 187 190 246
7 5 125 126 63 111 123
8 6 250 238 249 252 235 221
7 5 111 63 111 126 123
8 6 250 183 238 231 235 245
7 5 111 95 95 119 125
8 6 219 190 190 221 221 189
7 5 63 111 95 63 126
8 6 246 119 249 222 175 238
7 5 123 95 123 63 125
8 6 238 250 125 207 222 123
7 5 119 125 125 119 111
8 6 252 125 249 95 119 250
7 5 126 125 95 119 63
8 6 190 252 243 215 237 249
7 5 123 123 119 125 95
8 6 252 222 250 215 111 119
7 5 119 125 123 111 123
8 6 245 95 189 111 187 63
7 5 125 126 95 125 119
8 6 175 219 245 187 238 231
7 5 123 63 126 123 111
8 6 249 125 235 231 190 245
7 5 123 111 95 125 95
8 6 250 175 252 235 245 235
7 5 126 123 119 95 126
8 6 95 207 243 246 245 237
7 5 125 119 119 63 125
8 6 189 187 95 119 126 250
7 5 125 111 111 119 95
8 6 252 207 249 231 238 63
7 5 119 125 95 111 119
8 6 95 187 159 126 249 123
7 5 123 95 63 111 119
8 6 237 238 119 63 252 231
7 5 123 123 63 125 63
8 6 159 237 190 126 126 183
7 5 95 119 111 126 125
8 6 237 222 250 159 250 175
7 5 123 119 63 125 119
8 6 235 119 189 243 215 235
7 5 126 125 125 111 63
8 6 119 95 207 187 243 237
7 5 123 111 126 95 125
8 6 175 215 190 252 189 246
7 5 63 126 111 123 123
11 9 1086 963 1086 1086 1086 966 1992 993 1985
12 10 3908 3908 249 3908 441 250 189 3908 190 442
12 10 252 826 3126 63 63 63 4032 4032 4032 4032
