Osa????Bw^BsXW[oMKBs? PAIR C1=0,1,13,7,14,2,12,8,11,4,10,6,9,5 C2=0,2,13,6,11,5,10,7,12,1,14,8,9,4
Osa????Bw^IwLgYWMKBs? PAIR C1=0,1,13,7,14,3,15,2,12,8,10,4,9,5 C2=0,2,13,4,15,1,14,8,9,7,10,5,12,3
Osa????BxNA{RW[oNCBs? PAIR C1=0,1,13,7,12,8,10,5,9,4,14,3,15,2 C2=0,3,13,2,10,7,9,8,14,1,15,4,12,5
Osa????BxfBsRoXWMKBs? PAIR C1=0,1,13,7,10,3,14,2,15,4,11,6,9,5 C2=0,3,11,5,13,2,10,6,15,1,14,7,9,4
Osa????ByNBsXWMoMKBs? PAIR C1=0,1,15,2,13,7,12,5,10,6,9,4,11,3 C2=0,2,12,1,10,7,9,5,11,6,13,3,15,4
Osa????ByVHsLWLWMWBs? PAIR C1=0,1,14,6,15,3,13,7,10,4,9,5,12,2 C2=0,4,15,1,10,6,9,7,12,3,14,2,13,5
Osa????ByfDkFgXoMKBs? PAIR C1=0,2,11,5,9,4,12,6,10,7,13,1,15,3 C2=0,1,10,3,12,5,13,2,15,6,9,7,11,4
Osa????BzFEkFWRgMWBs? PAIR C1=0,2,11,5,9,4,12,7,10,6,13,1,15,3 C2=0,1,10,2,15,6,9,7,11,3,12,5,13,4
Osa????Dw^@{Ww[oNCBw? PAIR C1=0,1,13,7,10,6,9,5,11,4,15,3,14,2 C2=0,3,9,7,11,6,13,2,15,1,14,4,10,5
Osa????Dw^@{XW[oNCBs? PAIR C1=0,1,13,7,10,6,9,5,11,4,15,3,14,2 C2=0,3,9,7,11,6,13,2,15,1,14,4,10,5
Osa????Dw^K[ToYWFcBs? PAIR C1=0,1,13,7,10,5,9,8,11,6,15,4,14,2 C2=0,4,13,2,15,1,11,7,9,6,10,8,14,5
Osa????Dw^KkXWUoFSBs? PAIR C1=0,1,13,7,11,8,9,3,15,2,14,6,10,4 C2=0,2,11,1,15,6,9,7,10,8,14,4,13,3
Osa????Dw^KwXgUWFKBs? PAIR C1=0,3,9,8,12,6,10,4,14,2,15,1,13,7,11,5 C2=0,2,11,1,12,5,10,8,14,7,9,6,15,3,13,4
Osa????ExN@{UWXgNGBk? PAIR C1=0,3,9,7,12,8,11,6,10,5,13,1,15,2,14,4 C2=0,1,14,3,12,4,9,6,15,5,11,7,10,8,13,2
Osa????HwvBsRoXWMKBs? PAIR C1=0,4,11,3,15,6,10,8,9,7,12,1,13,5 C2=0,1,15,4,12,6,9,5,11,8,13,7,10,3
Osa????Kw^@{XWTWNOBs? PAIR C1=0,1,13,5,12,7,9,8,10,6,11,4,15,3 C2=0,4,10,7,13,3,9,6,15,1,12,8,11,5
Osa????PxVKsFWFWMWBs? PAIR C1=0,1,11,6,9,7,13,5,12,8,10,4,15,3 C2=0,4,13,3,12,7,10,6,15,1,9,8,11,5
Osa????PxfHsJWFWMWBs? PAIR C1=0,1,11,6,9,7,13,5,12,8,10,3,15,4 C2=0,3,13,8,9,1,15,6,10,7,12,4,11,5
Osa????PyVDkFWLgMWBs? PAIR C1=0,1,14,2,11,5,13,8,12,7,9,6,10,4 C2=0,2,13,6,14,7,10,1,9,8,11,4,12,5
Osa????QxfKsToJWBkBs? PAIR C1=0,3,10,6,9,7,12,1,11,5,13,2,15,4 C2=0,1,9,4,13,7,10,2,11,6,15,3,12,5
Osa????QyNE[EwHwN_Bw? PAIR C1=0,2,13,5,15,3,11,7,12,6,9,1,14,4 C2=0,1,15,2,11,6,13,7,9,4,12,3,14,5
Osa????QyNE[KwBwN_Bw? PAIR C1=0,2,14,1,9,6,12,7,11,3,15,5,13,4 C2=0,1,15,4,9,7,13,6,11,2,12,3,14,5
Osa????Sxf@{Bw[oLcBw? PAIR C1=0,1,9,6,12,8,14,2,13,3,15,5,11,4 C2=0,2,15,4,12,5,14,1,13,6,11,8,9,3
Osa????WwzBsTgJWLWBe? PAIR C1=0,1,9,6,14,2,13,8,12,5,11,4 C2=0,2,9,8,11,6,12,1,14,4,13,5
Osa????WwzBwJWTgLSBe? PAIR C1=0,1,13,5,11,4,12,7,9,8,14,6,15,2 C2=0,4,14,2,9,1,15,7,11,6,13,8,12,5
Osa????Ww|BkJgRWMWBe? PAIR C1=0,1,13,5,11,4,12,8,9,7,15,6,14,2 C2=0,4,13,8,11,7,14,1,15,2,9,6,12,5
Osa????Ww|BwJWTgLKBe? PAIR C1=0,1,13,3,10,6,11,5,12,8,9,7,15,2 C2=0,3,11,7,12,2,9,1,15,6,13,8,10,5
Osa????Ww|BwLWRWMSBU? PAIR C1=0,2,14,1,13,7,15,4,11,5,12,8,9,6,10,3 C2=0,1,9,7,11,3,12,2,15,6,14,8,13,5,10,4
Osa????Ww|EkJWUgHwBe? PAIR C1=0,2,15,7,12,4,10,6,9,8,11,3,13,1,14,5 C2=0,3,15,1,9,7,11,2,12,5,10,8,13,6,14,4
Osa????Ww}BwJgRWMSBb? PAIR C1=0,1,14,3,11,4,10,7,15,8,9,6,12,5 C2=0,3,15,1,9,7,11,5,10,6,14,8,12,4
Osa????Ww}BwLWRWMSBT? PAIR C1=0,1,14,2,9,8,12,7,10,4,15,6,11,3 C2=0,2,12,3,10,6,14,8,15,1,9,7,11,4
Osa????Ww}BwTgJWLKBd? PAIR C1=0,1,14,7,10,4,11,3,15,2,9,6,12,8,13,5 C2=0,3,12,5,10,6,11,7,9,1,15,8,14,2,13,4
Osa????Ww}BwTgJWMKBT? PAIR C1=0,1,14,7,10,3,11,4,15,2,9,6,12,8,13,5 C2=0,3,12,5,10,6,11,7,9,1,15,8,14,2,13,4
Osa????WyfH[PwN_Fg@x? PAIR C1=0,2,15,4,11,1,10,6,9,8,12,7,14,3 C2=0,1,12,6,11,8,15,3,10,7,9,2,14,4
Osa????WyuDkMWRgIs@m? PAIR C1=0,2,15,7,11,4,12,8,9,6,10,1,14,3 C2=0,1,9,7,12,2,11,8,14,6,15,3,10,4
Osa????WyuEkJgTWHs@u? PAIR C1=0,2,11,7,15,6,9,8,12,4,10,1,13,3 C2=0,1,9,7,13,8,11,3,10,6,12,2,15,4
Osa????WyuEsJWTWHs@u? PAIR C1=0,2,15,7,13,1,10,4,12,8,9,6,11,3 C2=0,1,9,7,12,2,11,8,13,3,10,6,15,4
Osa????WyuEsJgTWHk@u? PAIR C1=0,2,15,7,13,1,10,4,12,8,9,6,11,3 C2=0,1,9,7,10,3,13,8,11,2,12,6,15,4
Osa????WyuEsLgRWHk@u? PAIR C1=0,2,11,6,9,7,15,4,10,1,13,8,12,3 C2=0,1,9,8,11,3,15,2,12,6,10,7,13,4
Osa????WyuFKRWJgIs@m? PAIR C1=0,3,15,6,9,2,11,8,14,1,10,4,13,5 C2=0,1,9,8,13,2,15,5,14,6,10,3,11,4
Osa????WyuHkUWJgEs@m? PAIR C1=0,1,10,4,13,5,11,8,14,2,9,6,15,3 C2=0,2,15,5,14,3,10,6,13,8,9,1,11,4
