O????Bw}FKWwlOUoDw?}? PAIR C1=0,9,3,15,4,8,1,10,5,14,6,13,7,11 C2=0,8,3,13,1,9,4,14,7,15,5,11,6,10
O????Bw}FKWwfOUoEw@]? PAIR C1=0,8,3,12,5,10,1,9,4,15,6,13,7,11 C2=0,9,3,13,1,8,4,12,7,15,5,11,6,10
O????Bw|Fo[WpoJoBw?}? PAIR C1=0,8,3,9,5,13,4,14,7,15,6,11,1,12 C2=0,9,1,8,4,15,3,14,5,12,6,13,7,11
O????Bw|FcPw{ORoDw?}? PAIR C1=0,8,3,9,5,11,6,14,7,15,4,13,1,10 C2=0,9,1,8,4,14,5,15,3,10,6,13,7,11
O????Bw|FSWwdoVOFW@]? PAIR C1=0,8,1,10,6,15,4,13,7,11,5,9,3,12 C2=0,9,1,11,6,12,7,15,5,13,3,8,4,10
O????Bw|FSWwdoRoFg@u? PAIR C1=0,10,4,15,6,12,7,14,2,9,3,8,1,11 C2=0,9,1,10,6,11,7,15,2,8,4,14,3,12
O????Bw|FEZ_woJoBw?}? PAIR C1=0,10,2,13,4,15,6,12,7,14,5,9,3,8,1,11 C2=0,9,1,10,6,13,7,15,5,11,3,14,4,8,2,12
O????Bw|FE\OxOFoBw?}? PAIR C1=0,10,2,12,1,8,3,9,5,14,7,15,4,13,6,11 C2=0,9,1,11,2,8,4,14,3,15,6,10,7,13,5,12
O????Bw|FEZOtOFoDw@]? PAIR C1=0,10,7,15,4,13,6,14,5,9,3,8,1,12 C2=0,8,4,14,7,13,3,12,5,15,6,10,1,9
O????Bw|FEXojOUoBw@m? PAIR C1=0,8,3,14,5,11,4,13,6,10,7,15,2,9 C2=0,10,2,8,4,14,7,13,3,9,5,15,6,11
O????Bw|FEXofOMoDwAm? PAIR C1=0,8,3,15,7,10,6,13,4,11,5,14,2,9 C2=0,10,2,8,4,14,7,13,3,9,5,15,6,11
O????Bw|FEXokoVODw?}? PAIR C1=0,8,2,14,6,10,7,15,3,13,4,11,5,9 C2=0,10,2,9,3,8,4,14,7,13,5,15,6,11
O????Bw|FEXokoNOHw?}? PAIR C1=0,8,1,14,6,10,7,15,3,13,4,11,5,9 C2=0,10,1,9,3,8,4,14,7,13,5,15,6,11
O????Bw|FEXoeoToFg@]? PAIR C1=1,8,2,14,3,13,6,10,7,15,4,11,5,9 C2=1,10,2,9,3,8,4,14,7,13,5,15,6,11
O????Bw|FE[Wz?FoBw?}? PAIR C1=0,9,1,8,2,11,6,14,3,13,5,15,7,10 C2=0,8,3,15,6,13,7,14,5,9,2,10,1,11
O????Bw|FE[Wf_VODw?}? PAIR C1=0,8,3,13,5,15,4,14,6,10,7,11,1,9 C2=0,10,1,8,4,13,7,14,5,9,3,15,6,11
O????Bw|FEXWl_VOBw@]? PAIR C1=0,8,1,11,7,10,6,14,4,15,5,13,3,9 C2=0,10,1,9,5,14,3,8,4,13,7,15,6,11
O????Bwxei^?woJoBw?}? PAIR C1=0,8,1,10,7,14,4,13,5,9,6,15,3,11 C2=0,9,1,11,4,8,3,14,6,13,7,15,5,10
O????BwxeiRotOYoFW@]? PAIR C1=0,10,5,9,6,14,7,12,3,8,1,13,4,11 C2=0,8,4,14,3,10,7,13,6,11,5,12,1,9
O????BwxeiXW}?LoDw?}? PAIR C1=0,10,7,14,4,15,3,8,1,9,5,13,2,12 C2=0,8,4,12,1,10,3,13,7,15,5,14,2,9
O????BwxeiXWn?XoFW?}? PAIR C1=0,8,3,15,4,14,7,10,1,9,5,13,2,12 C2=0,9,2,14,3,12,4,8,1,13,7,15,5,10
O????BwxeiXWf_ZOFW@m? PAIR C1=0,8,3,15,2,13,4,14,7,10,1,9,5,12 C2=0,9,2,14,3,12,4,8,1,13,7,15,5,10
O????BwpvoWwl_ZOFW?}? PAIR C1=0,8,3,15,5,12,2,14,7,13,4,10,1,9 C2=0,10,2,8,1,13,5,9,7,15,4,14,3,12
O????BwpvgToxOUoFW?}? PAIR C1=0,8,2,12,1,13,4,14,7,15,6,11,5,9 C2=0,11,2,14,6,13,7,9,1,8,4,15,5,12
O????BwpvgXWm_ZOEw?}? PAIR C1=0,8,1,11,6,12,3,14,7,15,4,13,5,9 C2=0,11,7,13,1,9,6,14,5,15,3,8,4,12
O????BwpvgXWj_VOFW@m? PAIR C1=0,9,5,15,7,14,3,13,1,8,2,12,6,11 C2=0,8,3,15,2,14,6,9,1,11,7,13,5,12
O????BwpvgXWj_[oFg?}? PAIR C1=0,9,5,15,7,14,3,13,6,12,4,8,1,11 C2=0,8,3,15,6,9,1,13,7,11,4,14,5,12
O????Bwptw[W}?ToDw?}? PAIR C1=1,8,2,12,3,15,4,14,7,11,6,13 C2=1,11,2,14,6,15,7,13,3,8,4,12
O????Bwptw[W{_VODw?}? PAIR C1=0,10,4,8,2,12,1,13,3,15,5,14,7,11 C2=0,8,1,11,2,14,4,15,7,13,5,10,3,12
O????Bwptw[W{_NOHw?}? PAIR C1=0,10,2,12,1,8,4,13,3,15,5,14,7,11 C2=0,8,2,11,1,14,4,15,7,13,5,10,3,12
O????BwptwUW}?XoBwA]? PAIR C1=0,10,4,12,2,8,3,14,6,13,5,15,7,11 C2=0,8,4,15,6,11,2,13,7,14,5,10,3,12
O????BwptwUWm_XoJgA]? PAIR C1=0,10,4,14,3,8,2,12,6,13,5,15,7,11 C2=0,8,4,15,6,11,2,13,7,14,5,10,3,12
O????BwptwUWioXoJoAy? PAIR C1=0,10,4,8,1,14,6,12,2,13,5,15,3,11 C2=0,8,3,14,5,10,2,11,6,13,1,15,4,12
O????BwptwWw|?YoBw@u? PAIR C1=0,8,4,13,2,15,7,14,6,9,5,12,1,11 C2=0,9,7,11,5,14,4,15,6,13,1,8,2,12
O????Bwptk\G|?MoHw?}? PAIR C1=0,8,4,14,7,13,2,10,6,9,5,12,1,11 C2=0,10,5,14,6,13,4,11,7,9,1,8,2,12
O????BwptkTg|?YoJW?}? PAIR C1=0,8,1,12,5,9,7,13,2,10,6,14,4,11 C2=0,10,5,11,7,14,1,9,6,13,4,8,2,12
O????BwptkTg|?RoJW@u? PAIR C1=0,8,3,14,6,15,4,11,2,10,5,9,7,13,1,12 C2=0,10,3,15,7,14,1,9,6,13,4,8,2,12,5,11
O????BwptkTgl_]OJWA]? PAIR C1=0,8,1,15,4,11,2,10,5,9,7,14,6,12 C2=0,9,1,14,4,8,2,12,5,11,7,15,6,10
O????BwptkTgl_VOJWBU? PAIR C1=0,8,1,15,4,11,2,10,5,9,7,14,6,12 C2=0,9,1,14,4,8,2,12,5,11,7,15,6,10
O????BwptkTgj_VOJWBe? PAIR C1=0,8,4,11,2,10,5,9,1,15,7,14,6,12 C2=0,9,7,11,5,12,4,14,1,8,2,15,6,10
O????BwptkTgeoZ_JgBe? PAIR C1=0,8,3,14,7,15,1,9,5,10,2,11 C2=0,9,7,11,5,14,1,8,2,15,3,10
O???CBo}Fg]ORoBwDw?}? PAIR C1=0,8,2,11,3,9,1,10 C2=0,9,2,10,3,8,1,11
O???CBo}BMKw}?f_@{?}? PAIR C1=0,7,11,5,15,6,14,8,3,9,1,10,2,12 C2=0,8,1,12,3,15,7,14,5,10,6,11,2,9
O???CBozFoIwTom_@{@]? PAIR C1=0,7,11,5,15,4,9,2,10,1,12,6,14,8,3,13 C2=0,8,2,13,4,10,3,12,5,14,7,15,6,11,1,9
O???CBozFWMW[of_@{?}? PAIR C1=0,7,11,2,9,4,15,5,10,1,12,6,14,8,3,13 C2=0,8,2,10,4,13,5,14,7,12,3,15,6,11,1,9
O???CBozEw]OYoBwEw?}? PAIR C1=0,8,3,11,6,13,4,15,5,14,7,12,1,10 C2=0,7,15,3,14,6,12,4,10,5,13,8,1,11
O???CBozEwVOLo[o@{A]? PAIR C1=0,9,4,15,7,14,5,10,3,8,1,13,6,11 C2=0,7,13,3,11,4,10,1,9,5,15,6,14,8
O???CBozFc^?ToBwDw?}? PAIR C1=0,8,3,10,1,12,5,9,4,13,6,15,7,14,2,11 C2=0,7,12,6,14,4,11,3,15,5,13,8,1,9,2,10
O???CBozFc]OZOBwBw?}? PAIR C1=0,7,15,5,14,3,10,2,11,1,9,4,13,8 C2=0,10,1,8,2,9,5,13,7,14,4,15,3,11
O???CBozFc]OVOBwDw?}? PAIR C1=0,7,14,6,15,3,10,2,11,1,9,4,13,8 C2=0,9,2,14,4,15,7,13,6,10,1,8,3,11
O???CBozFcLg[of_@{?}? PAIR C1=0,7,11,5,9,1,8,14,6,13,4,15,3,12,2,10 C2=0,8,3,10,6,12,1,11,2,9,4,14,7,15,5,13
O???CBozFcJWTon?@{@]? PAIR C1=0,8,2,9,4,11,7,14,6,15,5,13,3,10 C2=0,7,15,4,13,2,10,6,11,3,8,14,5,9
O???CBozFS]_[oBwBw?}? PAIR C1=0,7,14,6,12,1,10,2,9,5,15,4,13,8 C2=0,9,1,8,2,12,7,15,6,13,5,14,4,10
O???CBozEs]_[oBwBw@]? PAIR C1=0,7,14,5,9,4,13,8,2,11,1,12,3,10 C2=0,8,1,10,4,14,3,11,5,13,7,12,2,9
O???CBozEs]_UoBwEw@]? PAIR C1=0,7,12,6,14,5,15,4,13,8,3,10,1,9 C2=0,8,1,12,3,14,7,15,6,13,5,9,4,10
O???CBozEs]_XoBwFW?}? PAIR C1=0,7,13,8,3,10,6,14,4,15,5,11,1,9 C2=0,8,1,10,4,9,5,13,6,15,7,14,3,11
O???CBozEs]_ToBwFW@]? PAIR C1=0,7,13,8,3,10,6,14,4,15,5,11,1,9 C2=0,8,1,10,4,9,5,13,6,15,7,14,3,11
O???CBozEsUoBwVOKw@u? PAIR C1=0,7,14,6,10,1,13,5,9,4,12,8,2,11 C2=0,8,1,9,2,14,5,11,6,12,7,13,4,10
O???CBorfo]_[oBwDw?}? PAIR C1=0,8,1,12,7,15,5,13,4,10,2,14,6,9 C2=0,7,13,8,2,12,6,15,4,14,5,9,1,10
O???CBorfW^?[oBwEw?}? PAIR C1=0,8,1,11,2,14,6,12,7,15,5,13,4,10 C2=0,7,14,5,10,1,12,2,8,13,6,15,4,11
O???CBorfW^?BwUoEw@m? PAIR C1=0,8,1,11,2,14,5,12,6,15,7,13,4,10 C2=0,7,14,6,13,1,10,5,15,2,8,12,4,11
O???CBorfW^?BwMoIw@m? PAIR C1=0,7,15,6,14,5,12,8,3,13,4,11,2,10 C2=0,8,2,15,5,10,4,12,6,13,7,14,3,11
O???CBorfWZ_BwMoMW@m? PAIR C1=0,8,3,15,6,14,1,11,5,12,7,13,2,10 C2=0,7,14,2,15,5,10,1,8,12,6,13,3,11
O???CBorfWV_[o[o@{?}? PAIR C1=0,8,3,15,7,13,1,9,6,14,5,11,4,10 C2=0,7,14,8,1,10,5,9,4,15,6,13,3,11
O???CBorfW]OUoBwEw@y? PAIR C1=0,7,15,4,13,8,3,11,1,9,6,14,5,10 C2=0,8,1,10,4,9,5,15,3,14,7,13,6,11
O???CBorfWZOBw]OEw@m? PAIR C1=0,7,13,1,9,4,10,2,8,12,5,14,6,11 C2=0,8,1,11,4,13,2,14,7,12,6,9,5,10
O???CBorfWVOBw[oIw@y? PAIR C1=0,7,14,5,12,8,2,15,3,11,6,13,1,9,4,10 C2=0,8,1,10,2,13,3,14,6,9,5,15,7,12,4,11
O???CBorfWVOBw[oEwAy? PAIR C1=0,7,14,6,11,2,8,12,5,10,1,13,3,15,4,9 C2=0,8,1,15,5,9,6,12,7,13,2,14,3,11,4,10
O???CBordw^?BwYoIw@m? PAIR C1=0,9,1,8,2,13,7,12,4,10,5,15,3,11 C2=0,7,15,2,11,1,13,4,9,5,12,8,3,10
O???CBordw^?BwXoIw@u? PAIR C1=0,8,2,13,5,10,4,12,7,14,6,9,1,11 C2=0,7,13,6,12,8,1,14,5,9,4,11,2,10
O???CBordw]OZO[o@{?}? PAIR C1=0,7,12,4,15,6,14,8,2,13,1,9,5,10,3,11 C2=0,9,6,11,2,12,1,8,3,13,7,15,5,14,4,10
O???CBordw]OYo\O@{?}? PAIR C1=0,7,12,4,15,6,14,8,2,13,1,9,5,10,3,11 C2=0,9,6,11,2,12,1,8,3,13,7,15,5,14,4,10
O???CBordw]OBwYoJg@m? PAIR C1=0,9,4,10,5,15,6,13,2,8,3,14,1,11 C2=0,8,1,13,4,14,5,9,6,11,3,15,2,10
O???CBordwVOBw]OKwAm? PAIR C1=0,8,2,11,6,15,7,12,4,9,5,14,1,13,3,10 C2=0,7,14,2,13,4,10,5,15,1,9,6,12,8,3,11
O???CBordwVOBw\OKwAu? PAIR C1=0,7,15,6,14,5,9,1,13,2,11,3,10,4,12,8 C2=0,10,2,14,7,12,5,13,3,8,1,15,4,9,6,11
O???CBore[V_Bw]OMW@m? PAIR C1=0,7,15,6,9,1,14,2,13,3,11,5,12,8 C2=0,9,5,15,3,14,6,12,7,13,1,8,2,11
O???CBord[^?Bw\OIw@u? PAIR C1=0,7,14,6,10,2,11,1,13,3,8,12,4,9 C2=0,8,2,13,7,12,6,9,1,14,3,11,4,10
O???CBord[Z_Bw]OMW@m? PAIR C1=0,7,14,1,11,5,12,8,3,13,4,9,6,10 C2=0,8,1,13,7,12,6,14,3,11,4,10,5,9
O???CBord[RoBw]OMgBe? PAIR C1=0,8,3,14,5,12,7,13,1,9,4,11,6,10 C2=0,7,14,1,8,12,6,9,5,10,4,13,3,11
O???CBoB~WZOZOUoUo@m? PAIR C1=0,7,13,6,9,8,2,10,4,12,5,14,3,11 C2=0,8,3,13,4,11,6,14,2,12,7,9,5,10
O???CBoB~WZOVOYoUo@m? PAIR C1=0,7,13,4,12,5,10,2,8,9,6,14,3,11 C2=0,8,3,12,7,9,5,14,2,13,6,11,4,10
O???CBoB~WZORo]OEwDk? PAIR C1=0,7,13,4,12,5,10,2,8,9,6,14,3,11 C2=0,8,3,13,2,14,5,9,7,12,6,11,4,10
O???CBoB~WJWr_]OUo@m? PAIR C1=0,7,11,3,13,4,12,5,14,6,9,8,2,10 C2=0,8,3,14,2,13,7,9,5,10,4,11,6,12
O???CBoB}[NGr_]OUo@m? PAIR C1=0,7,15,2,8,9,6,10,5,12,1,13,3,14 C2=0,10,1,8,3,15,5,9,7,13,2,14,6,12
O???EB_}Fg]OJoBwBw?|? PAIR C1=0,7,14,5,15,3,11,2,9,4,12,6,13,8,1,10 C2=0,8,2,12,7,13,5,10,3,14,4,15,6,11,1,9
O???EB_}Fg]OBwBwBw@{? PAIR C1=0,8,13,6,12,4,14,7,1,11,2,9,3,15,5,10 C2=0,9,1,8,2,10,3,14,5,12,7,13,4,15,6,11
O???EB_}FK^?LoBwBw?|? PAIR C1=0,7,1,11,2,9,3,15,8,13,6,12,5,10 C2=0,9,1,8,2,10,6,15,5,13,7,12,3,11
O???EB_}FK^?DwBwBw@{? PAIR C1=0,9,3,15,2,11,4,14,7,1,8,13,6,12,5,10 C2=0,7,12,8,2,10,1,9,4,13,5,15,6,14,3,11
O???EB_}FK]_MoBwBw?|? PAIR C1=0,9,3,11,2,12,6,15,4,14,7,1,8,13,5,10 C2=0,8,2,10,6,14,5,15,3,12,7,13,4,9,1,11
O???EB_}FK]_EwBwBw@{? PAIR C1=0,9,3,15,5,10,6,12,4,13,7,1,11 C2=0,7,12,3,11,5,13,6,15,4,9,1,10
O???EB_}Ek^?JoLo@{?|? PAIR C1=0,9,3,13,5,10,6,15,4,12,7,1,11 C2=0,7,13,6,12,5,15,3,11,4,9,1,10
O???EB_}Ek^?JoJoA{?|? PAIR C1=0,9,3,15,6,14,5,10,1,7,12,4,11 C2=0,7,14,3,11,1,9,4,15,5,12,6,10
O???EB_}Ek^?BwDwDw@{? PAIR C1=0,9,3,15,6,13,5,10,1,7,12,4,11 C2=0,7,13,3,11,1,9,4,15,5,12,6,10
O???EB_}Ek^?BwBwEw@{? PAIR C1=0,9,4,15,5,14,2,11,1,7,12,6,10 C2=0,7,14,6,15,2,9,1,10,5,12,4,11
O???EB_}Ek]_MoJo@{?|? PAIR C1=0,10,3,15,5,13,7,14,4,9,2,8,1,11 C2=0,7,1,10,5,14,8,15,4,13,2,11,3,9
O???EB_}Ek]_JoJoB[?|? PAIR C1=0,10,3,15,5,12,6,13,7,14,4,9,2,8,1,11 C2=0,8,14,6,15,4,13,2,12,7,1,10,5,11,3,9
O???EB_}Ek]_EwBwDw@{? PAIR C1=0,9,4,12,7,1,10,6,13,5,15,3,11 C2=0,7,13,4,15,6,12,3,9,1,11,5,10
O???EB_}Ek]_BwBwFW@{? PAIR C1=0,8,12,7,1,10,6,15,2,14,3,9,4,13,5,11 C2=0,7,14,6,13,8,1,9,2,11,3,15,4,12,5,10
O???EB_}Ek\_MoLo@{?|? PAIR C1=0,7,1,10,3,13,6,14,8,15,5,11,2,9 C2=0,8,2,13,7,14,5,10,6,15,3,9,1,11
O???EB_}Ek\_MoJoA{?|? PAIR C1=0,7,1,10,3,12,6,14,8,15,5,11,2,9 C2=0,8,2,12,7,14,5,10,6,15,3,9,1,11
O???EB_}Ek\_EwDwDw@{? PAIR C1=0,7,14,5,11,2,15,6,13,3,9,1,10 C2=0,9,2,14,6,10,3,15,5,13,7,1,11
O???EB_}Ek\_EwBwEw@{? PAIR C1=0,7,13,6,12,8,1,11,2,14,5,10,3,9 C2=0,10,6,14,3,12,7,1,9,2,8,13,5,11
O???EB_}Ek[oNOMo@{?|? PAIR C1=0,9,3,13,6,15,8,2,11,1,7,14,5,10 C2=0,7,13,2,9,1,10,3,15,5,11,6,14,8
O???EB_}Ek[oNOJoB[?|? PAIR C1=0,9,3,14,7,1,11,2,8,15,6,13,5,10 C2=0,7,13,2,9,1,10,3,15,5,11,6,14,8
O???EB_}Ek[oFWEwDw@{? PAIR C1=0,8,13,7,1,9,3,15,5,12,4,14,6,10 C2=0,7,14,5,10,1,8,12,3,13,6,15,4,9
O???EB_}Ek[oFWBwFW@{? PAIR C1=0,8,13,4,12,7,1,11,5,10,6,15,2,9 C2=0,7,13,6,11,2,8,12,5,15,4,9,1,10
O???EB_}C{^?\_DwDw?^? PAIR C1=0,8,13,7,1,9,2,14,4,15,6,12,5,10,3,11 C2=0,7,14,6,13,5,15,8,2,11,1,12,3,9,4,10
O???EB_}C{]_]_DwDw?^? PAIR C1=0,8,13,7,1,9,2,14,4,15,6,12,3,10,5,11 C2=0,7,14,6,13,5,15,8,2,12,1,11,3,9,4,10
O???EB_nFc^?Z_DwBw?^? PAIR C1=0,10,6,13,5,14,7,1,8,15,4,9,2,11 C2=0,7,13,8,2,10,1,11,4,14,6,15,5,9
O???EB_nFc\_]_DwBw?^? PAIR C1=0,10,6,13,5,14,7,1,8,15,4,9,2,11 C2=0,7,13,8,2,10,1,11,4,14,6,15,5,9
O???EB_nFc\_Z_FoB[?n? PAIR C1=0,7,15,8,1,10,3,14,6,13,5,12,4,9,2,11 C2=0,8,2,12,1,11,4,14,7,13,3,9,5,15,6,10
O???EB_nFc]OZ_FoBk?^? PAIR C1=0,10,2,9,5,15,4,12,1,7,13,6,11 C2=0,7,15,6,10,1,11,2,12,5,13,4,9
O???EB_nEs]_]_Jo@{?n? PAIR C1=0,7,13,6,10,1,12,2,9,3,15,5,11 C2=0,9,5,13,2,11,1,7,15,6,12,3,10
O???EB_nEs]_\_EwDw?^? PAIR C1=0,7,13,8,1,11,2,12,3,9,5,15,4,14,6,10 C2=0,8,15,7,1,10,4,9,2,14,5,12,6,13,3,11
O???EB_nEs]_Z_MoA{?^? PAIR C1=0,9,5,14,7,13,3,10,6,15,4,12,2,8,1,11 C2=0,8,15,7,1,12,5,11,2,9,3,14,6,13,4,10
O???EB_nEs]_Z_Lo@{?v? PAIR C1=0,9,5,14,7,13,3,10,6,15,4,12,2,8,1,11 C2=0,8,15,7,1,12,5,11,3,9,2,13,6,14,4,10
O???EB_nEs]_Z_JoA{?v? PAIR C1=0,7,14,3,11,2,9,5,13,6,12,1,10 C2=0,9,3,10,6,14,5,12,2,13,7,1,11
O???EB_nEs]O^?Jo@{?n? PAIR C1=0,10,1,7,13,6,14,5,9,2,8,15,3,11 C2=0,7,14,8,1,11,2,13,5,15,6,10,3,9
O???EB_nEs]O\_FWDw?^? PAIR C1=0,7,1,10,3,13,8,15,5,12,6,11,2,9 C2=0,8,2,12,1,11,3,9,5,13,7,15,6,10
O???EB_nEs]OZ_LoBk?^? PAIR C1=0,7,1,10,3,14,8,15,5,12,6,11,2,9 C2=0,8,2,12,1,11,3,9,5,14,7,15,6,10
O???EB_nEs[o^?MoA{?^? PAIR C1=0,7,15,4,9,2,8,14,6,11,5,12,1,10 C2=0,8,15,6,10,4,12,2,11,1,7,14,5,9
O???EB_nEs[o^?Lo@{?v? PAIR C1=0,7,15,4,9,2,8,14,6,11,5,12,1,10 C2=0,8,15,6,10,4,12,2,11,1,7,14,5,9
O???EB_nEs[o]_Lo@{?z? PAIR C1=0,7,15,4,9,2,8,14,5,11,6,12,1,10 C2=0,9,5,15,8,1,7,14,6,10,4,12,2,11
O???EAo}Fg]OJoRg@{?}? PAIR C1=0,8,3,15,6,11,1,10,5,14,7,12,2,9 C2=0,10,3,9,1,7,15,5,12,6,14,8,2,11
O???EAozEw]ORgBwFW@m? PAIR C1=0,10,1,9,5,15,7,13,6,14,3,8,2,11 C2=0,8,13,5,10,3,15,6,11,1,7,14,2,9
O???EAozFc^?RgLo@{?}? PAIR C1=0,8,14,6,12,5,13,2,11,3,15,7,1,10 C2=0,7,14,5,15,6,13,3,10,2,8,12,1,11
O???EAozFc]ORgNO@{?}? PAIR C1=0,9,5,14,6,12,8,2,11,3,15,7,1,10 C2=0,7,14,8,3,10,2,9,1,12,5,15,6,11
O???EAozEs]_RgBwEw@u? PAIR C1=0,9,2,8,12,6,14,5,11,3,15,4,13,7,1,10 C2=0,8,3,10,4,12,1,9,5,13,6,15,7,14,2,11
O???EAorfo^?RgBwEw@m? PAIR C1=0,9,6,14,5,15,3,11,2,8,13,7,1,10 C2=0,8,3,10,2,14,7,15,6,13,5,9,1,11
O???EAorfo]_RgBwFW@m? PAIR C1=0,9,6,14,3,15,5,11,2,8,13,7,1,10 C2=0,8,3,10,2,14,7,15,6,13,5,9,1,11
O???EBo{FW]OFoFoDw?\_ PAIR C1=0,9,15,6,14,5,12,7,1,11,3,8,2,10 C2=0,7,14,2,11,6,12,3,9,1,10,5,15,8
O???EBo{FW]OBwBsBw@{? PAIR C1=0,7,1,10,4,14,6,11,2,15,3,9,13,5,12,8 C2=0,9,2,10,5,15,4,12,6,13,7,14,3,8,1,11
O???EBo{E[^?BwBsEw@{? PAIR C1=0,7,1,11,2,15,3,9,13,4,10,6,14,5,12,8 C2=0,9,2,8,1,10,5,15,4,12,6,13,7,14,3,11
O???EBoyFg\OBwDsBw@{? PAIR C1=0,8,12,5,13,6,15,3,14,7,1,9,4,11,2,10 C2=0,7,12,6,11,1,10,5,14,4,15,2,8,3,13,9
O???EBoyFgZOBwDsDw@{? PAIR C1=0,10,5,12,7,1,9,13,3,8,2,14,4,15,6,11 C2=0,7,13,6,14,5,15,2,10,3,11,1,8,12,4,9
O???EBoyFgXoBwDsFW@{? PAIR C1=0,10,5,12,7,1,8,3,13,9,2,14,4,15,6,11 C2=0,7,13,6,14,3,10,2,15,5,11,1,9,4,12,8
O???EBoyFK^?BwDsBw@{? PAIR C1=0,8,2,10,6,13,7,14,5,12,4,9,1,11 C2=0,7,1,8,12,6,14,4,11,2,9,13,5,10
O???EBoyFKZ_BwDsFW@{? PAIR C1=0,8,2,14,7,13,6,10,5,12,4,9,1,11 C2=0,7,1,8,12,6,14,4,11,5,13,9,2,10
O???EBoyEk^?BwDsDw@{? PAIR C1=0,7,14,2,9,4,15,6,12,5,10,1,11 C2=0,9,1,7,12,4,11,2,15,5,14,6,10
O???EBorFc\_KsBwBw@{? PAIR C1=0,8,13,6,12,2,10,3,15,4,14,7,1,9 C2=0,7,13,4,9,12,3,14,6,15,2,8,1,10
O???EBorFcXoBwKsFg@{? PAIR C1=0,7,12,6,13,9,4,14,2,15,3,10,1,8 C2=0,9,1,7,14,3,13,2,8,12,4,15,6,10
O???EBorFS]_BwKsBw@{? PAIR C1=0,8,1,9,4,14,7,12,6,13,2,15,3,11 C2=0,7,1,11,2,8,12,4,15,6,14,3,13,9
O???EBorFSYoBwKsFg@{? PAIR C1=0,7,14,4,12,6,15,2,10,1,8,3,13,9 C2=0,8,12,7,1,9,4,15,3,14,2,13,6,10
O???E?wpmL^?|?MoDw?}? PAIR C1=1,9,5,12,2,8,3,13,7,14,6,15,4,11 C2=1,7,15,5,14,4,8,9,6,13,2,11,3,12
O???E?wpmL^?x_NOFW?}? PAIR C1=0,11,4,14,7,13,2,8,3,15,6,9,1,10,5,12 C2=0,9,8,4,13,5,15,7,1,12,2,11,3,14,6,10
O???E?pNPy]O{_bgHsE[? PAIR C1=0,7,10,5,14,4,13,8,2,12,1,15,6,11 C2=0,12,6,14,8,7,1,11,2,10,4,15,5,13
O???E?pNPy]Om_pgHsE[? PAIR C1=0,7,9,2,8,13,1,11,6,14,5,15,4,12 C2=0,11,2,12,6,15,1,7,8,14,4,9,5,13
O???E?pNPy]ON_qgWsE[? PAIR C1=0,13,1,15,4,10,7,8,3,9,2,11,6,14 C2=0,11,3,10,2,8,14,1,7,9,4,13,6,15
O???E?pNPyVO\_qgWsE[? PAIR C1=0,13,1,15,4,10,7,8,3,9,2,11,6,14 C2=0,11,3,10,2,8,14,1,7,9,4,13,6,15
O???E?pNPu^?l_pgHsE[? PAIR C1=0,7,10,4,14,1,15,5,13,8,3,9,2,11 C2=0,13,1,7,9,5,14,8,2,10,3,11,4,15
O???E?pNPu]_{_bgHsE[? PAIR C1=0,7,10,2,9,5,14,4,13,8,3,12,1,15 C2=0,12,2,8,14,1,7,9,3,10,4,15,5,13
O???E?pNPu]_l_qgHsE[? PAIR C1=1,7,10,4,15,6,14,8,3,12,5,9,2,11 C2=1,14,4,9,7,8,2,12,6,10,3,11,5,15
O???E?pNPu]_N_qgWsE[? PAIR C1=1,7,10,4,15,6,13,8,3,12,5,9,2,11 C2=1,13,4,9,7,8,2,12,6,10,3,11,5,15
O???E?pNPu\_{_t_PsA\? PAIR C1=1,11,2,9,5,13,6,15,4,10,7,8,3,12 C2=1,7,9,4,11,5,15,8,2,12,6,10,3,13
O???E?pNPu\_{_f_WsA\? PAIR C1=1,11,4,13,3,8,2,12,6,10,7,9,5,15 C2=1,7,8,15,6,13,5,11,2,9,4,10,3,12
O???E?pNPu\_m_t_WsA\? PAIR C1=1,7,9,3,10,6,15,5,14,8,2,12,4,11 C2=1,14,6,12,3,8,7,10,2,11,5,9,4,15
O???E?pNPu\_l_u_WsA\? PAIR C1=1,11,2,8,14,5,15,6,10,4,9,3,13 C2=1,14,6,13,4,11,5,9,2,10,3,8,15
O???E?pNPu\_l_V_WsET? PAIR C1=1,11,2,10,6,15,4,9,3,8,14,5,13 C2=1,14,6,13,3,10,4,11,5,9,2,8,15
O???E?pNPuV_{_pgHsE[? PAIR C1=1,12,2,9,4,15,6,10,3,8,14,5,13 C2=1,14,4,10,2,8,13,6,12,3,9,5,15
O???E?pNPuV_]_pgWsE[? PAIR C1=1,12,6,10,7,8,2,11,3,9,4,15,5,13 C2=1,7,9,5,11,4,10,2,12,3,8,13,6,15
O???E?pNPuV_\_qgWsE[? PAIR C1=1,12,6,10,7,8,2,11,3,9,4,15,5,14 C2=1,7,9,5,11,4,10,2,12,3,8,14,6,15
O???E?pNPu[o}?t_PsA\? PAIR C1=1,11,2,8,7,9,3,10,6,15,5,13 C2=1,7,10,2,9,5,11,6,13,3,8,15
O???E?pNPuUo\_rGXSE[? PAIR C1=1,7,9,2,8,14,4,15,6,10,3,11,5,12 C2=1,14,6,11,2,12,3,8,7,10,4,9,5,15
O???E?pNPuTo}?t_WsA\? PAIR C1=1,14,6,13,5,11,2,10,3,8,7,9,4,15 C2=1,7,10,4,11,6,15,5,14,8,2,9,3,13
O???E?pNPuTo|?t_XSA\? PAIR C1=1,14,4,11,2,10,3,8,7,9,5,13,6,15 C2=1,7,10,4,15,5,11,6,14,8,2,9,3,13
O???E?pNPuTo|?V_WsET? PAIR C1=1,7,9,5,13,6,11,4,10,3,12,2,8,15 C2=1,12,5,11,2,9,3,8,7,10,6,15,4,13
O???E?pNPuTo^?t_WsET? PAIR C1=1,7,9,5,13,6,11,4,10,3,12,2,8,15 C2=1,12,5,11,2,9,4,15,6,10,7,8,3,13
O???E?pJpy]O}?f_WsA\? PAIR C1=1,7,10,4,9,5,13,3,12,2,8,15,6,11 C2=1,12,4,13,6,9,7,8,3,11,2,10,5,15
O???E?pJpy]O{_f_XcA\? PAIR C1=0,7,10,2,11,1,12,6,15,4,9,5,13 C2=0,11,6,13,4,10,5,15,1,7,9,2,12
O???E?pJpyVO}?t_WsA\? PAIR C1=0,12,1,7,8,15,4,11,3,10,2,9,5,14 C2=0,7,9,4,10,5,15,1,14,8,3,12,2,11
O???E?pJpyVO|?u_WsA\? PAIR C1=0,12,1,7,8,15,4,11,3,10,2,9,5,14 C2=0,7,9,4,10,5,15,1,14,8,3,12,2,11
O???E?pJpyVO{_v?WsA\? PAIR C1=0,12,1,7,8,15,4,11,3,10,2,9,5,14 C2=0,7,9,4,10,5,15,1,14,8,3,12,2,11
O???E?pJo}^?}?l_WsA\? PAIR C1=0,11,1,7,10,4,9,6,15,8,2,12,3,13,5,14 C2=0,7,9,2,11,4,12,1,15,5,10,3,8,14,6,13
O???E?pJo}^?|?{_PsA\? PAIR C1=0,7,10,4,9,6,15,8,2,12,3,13,1,11 C2=0,12,1,15,4,11,2,9,7,8,3,10,6,13
O???E?pJo}^?|?m_WsA\? PAIR C1=0,7,10,6,9,5,14,1,15,8,2,12,3,13 C2=0,12,1,7,9,2,13,6,15,5,10,3,8,14
O???F?\{F_Bwf_wgLo?[o PAIR C1=0,7,2,14,1,13,8,5,12,6,15,9,3,10 C2=0,9,2,13,6,14,5,15,10,1,7,8,3,12
O??CAB_}FoMojOFoA{?^? PAIR C1=0,9,1,7,13,4,12,5,14,6,15,8,2,10 C2=0,6,13,5,15,7,14,8,1,10,4,9,2,12
O??CAB_}FoMoJofO@{?n? PAIR C1=0,9,1,7,13,4,12,5,14,6,15,8,2,10 C2=0,6,12,2,9,4,10,1,8,14,7,15,5,13
O??CAB_}FgNOjODwBw?^? PAIR C1=0,9,1,7,14,4,12,5,13,6,15,8,2,10 C2=0,6,14,5,10,1,8,13,7,15,4,9,2,12
O??CAB_}FgLojOEwBw?n? PAIR C1=0,9,1,7,13,6,14,4,12,5,15,8,2,10 C2=0,6,15,7,14,5,10,1,8,13,4,9,2,12
O??CAB_}FgLoMofOA{?^? PAIR C1=0,9,1,7,13,4,12,6,14,5,15,8,2,10 C2=0,6,15,4,9,2,12,7,14,8,1,10,5,13
O??CAB_}FgLoJofOB[?n? PAIR C1=0,9,2,8,15,5,12,6,14,4,13,7,1,10 C2=0,6,15,7,14,8,1,9,4,12,2,10,5,13
O??CAB_}BkNOjOfO@{?n? PAIR C1=0,9,2,8,15,6,14,4,13,7,1,10,5,12 C2=0,6,10,2,12,4,9,1,8,14,7,15,5,13
O??CAB_}BkMojOfO@{?v? PAIR C1=0,9,2,8,15,4,14,6,11,3,13,7,1,10,5,12 C2=0,6,10,2,12,4,13,5,11,1,9,3,15,7,14,8
O??CAB_}BkLomOfOA{?^? PAIR C1=0,6,11,4,15,8,2,12,7,14,5,13,3,10,1,9 C2=0,8,14,6,15,7,1,11,5,10,2,9,3,12,4,13
O??CAB_}BkLolOfO@{?v? PAIR C1=0,6,15,8,14,7,1,9,4,13,3,10,5,11,2,12 C2=0,8,2,9,3,12,7,15,4,11,1,10,6,14,5,13
O??CAB_vFo^?LoDwDw?^? PAIR C1=0,6,14,7,13,5,9,1,8,15,4,10,3,12,2,11 C2=0,8,2,10,1,11,4,14,5,12,7,15,6,13,3,9
O??CAB_vFo]_MoDwDw?^? PAIR C1=0,6,14,7,13,5,11,2,12,3,9,4,15,8,1,10 C2=0,8,2,10,3,13,6,15,7,12,4,14,5,9,1,11
O??CAB_vFo]_JoJoB[?n? PAIR C1=0,6,12,5,11,2,10,1,8,15,7,13,4,14,3,9 C2=0,8,2,13,6,14,7,12,4,10,3,15,5,9,1,11
O??CAB_vFoMomOJo@{?n? PAIR C1=0,6,15,5,9,1,11,3,12,7,13,4,14,8,2,10 C2=0,8,1,10,3,15,7,14,6,13,5,11,2,12,4,9
O??CAB_vFoMolOJo@{?v? PAIR C1=0,6,15,4,13,7,12,3,11,1,9,5,14,8,2,10 C2=0,8,1,10,4,9,3,15,7,14,6,13,5,11,2,12
O??CAB_vFoMojOMoA{?^? PAIR C1=0,6,11,2,8,14,7,13,4,15,5,9,1,10 C2=0,8,15,7,1,11,5,14,6,13,2,10,4,9
O??CAB_vFoMojOLo@{?v? PAIR C1=0,6,11,2,8,14,7,15,4,12,5,9,1,10 C2=0,8,15,6,14,5,11,1,7,12,2,10,4,9
O??CAB_]bkTgmOv?A{?^? PAIR C1=0,6,15,7,12,4,9,1,13,5,14,8,2,11 C2=0,12,2,9,6,14,7,1,8,15,5,11,4,13
O??CAB_]bkTgjOv?B[?n? PAIR C1=0,6,15,7,12,5,13,1,9,4,14,8,2,11 C2=0,12,2,9,6,14,7,1,8,15,5,11,4,13
O??CAB_Vfo]_mODwDw?^? PAIR C1=0,6,14,2,11,5,15,7,12,4,9,1,10 C2=0,11,1,7,14,5,9,6,15,4,10,2,12
O??CAB_EwnFWFo|?\_FW? PAIR C1=0,8,9,4,12,6,10,7,11,2,14,5,13,1,15 C2=0,13,2,15,4,11,6,9,7,12,5,10,8,1,14
O??CAB_EwnBwJo}?]_FW? PAIR C1=0,6,10,8,1,13,2,14,5,11,7,9,4,15 C2=0,13,4,11,6,9,8,2,15,5,10,7,1,14
O??CABo{Fo]_JoBwBw?]_ PAIR C1=0,6,14,4,12,5,15,9,1,7,13,8,2,10 C2=0,8,1,10,4,15,6,13,5,14,7,12,2,9
O??CABo{FW^?BwLoBw?]_ PAIR C1=0,8,3,9,15,5,12,4,14,6,13,7,1,11,2,10 C2=0,9,2,8,1,10,4,15,6,12,7,14,5,13,3,11
O??CABo{Bs]_JoBw@yCy? PAIR C1=0,8,1,7,13,6,14,4,12,5,15,3,10,2,11 C2=0,6,10,1,11,3,8,2,12,7,14,5,13,4,15
O??CABoyFoJoBwjOAy@m? PAIR C1=0,8,1,7,14,3,10,2,15,6,11,5,13 C2=0,6,14,5,15,7,13,2,8,3,11,1,10
O??CABoyFgJoDsmO@{@]? PAIR C1=0,8,1,7,12,6,11,4,14,5,15,2,10,3,13 C2=0,6,14,7,15,4,13,2,8,3,12,5,11,1,10
O??CABoyBkZ_BwDsTg@u? PAIR C1=0,8,2,15,6,10,3,13,5,12,7,14,4,11 C2=0,6,13,7,15,4,12,8,3,11,5,10,2,14
O??CABoy?^Z_Z_mOAy@m? PAIR C1=0,8,10,6,14,7,13,2,9,4,12,5,15,3,11 C2=0,9,14,3,8,2,12,6,15,7,10,5,11,4,13
O??CABoy?^Ay\_]_TgCy? PAIR C1=0,14,4,9,11,7,10,6,13,2,8,3,12,5,15 C2=0,8,10,4,13,3,15,7,14,5,11,6,12,2,9
O??CABoy?^Ay\_Z_VGCy? PAIR C1=0,8,2,13,6,10,7,11,9,4,14,3,12,5,15 C2=0,9,2,12,6,11,5,13,4,10,8,3,15,7,14
O??CABor?^EY]_\_TgCy? PAIR C1=0,14,2,12,3,8,1,13,6,10,7,11,9,4,15 C2=0,8,10,4,14,7,15,3,13,2,11,6,12,1,9
O??CABor?^EY]_Z_UgCy? PAIR C1=0,14,5,10,6,12,2,8,1,7,11,9,4,15 C2=0,6,11,2,14,7,15,5,9,1,12,4,10,8
O??CABoYfgNOJoBwQiCy? PAIR C1=0,14,7,13,6,9,1,8,3,11,4,15 C2=0,6,11,1,7,15,3,14,9,4,13,8
O??CABoY_^NOz?fOQi@m? PAIR C1=0,8,3,14,9,1,12,4,11,2,15,6,10,7,13 C2=0,12,2,9,6,11,1,8,10,4,13,3,15,7,14
O??CABoY_^NOZ_lOQiCy? PAIR C1=0,8,3,14,9,1,7,10,6,11,4,15 C2=0,6,9,4,10,8,1,11,3,15,7,14
O??CABoY_^NOLojOQiEw? PAIR C1=0,8,10,7,12,6,9,4,13,2,11,1,15,3,14 C2=0,13,7,14,9,1,8,2,12,3,11,6,10,4,15
O??CABoY_^NOJolOQiEw? PAIR C1=0,8,10,7,13,2,9,6,12,4,11,1,15,3,14 C2=0,13,3,8,1,9,14,7,12,2,11,6,10,4,15
O??CABoY_^Mo]_dSRgDY? PAIR C1=0,6,12,3,14,4,9,2,11,1,8,10,7,13 C2=0,8,2,12,4,10,6,11,3,13,9,1,7,14
O??CABoY_^MoZ_mOQiCy? PAIR C1=0,14,7,10,8,1,11,2,9,6,12,4,13,3,15 C2=0,8,2,12,1,9,14,3,11,6,10,4,15,7,13
O??CABoY_^MoV_dSVGDY? PAIR C1=0,6,10,7,13,9,4,14,3,11,1,8,2,15 C2=0,13,3,8,10,4,15,7,1,9,6,11,2,14
O??CABoY_^MoMojOQiEw? PAIR C1=0,13,2,8,3,11,6,9,1,15,5,10,4,12,7,14 C2=0,8,10,6,12,3,14,5,13,7,1,11,2,9,4,15
O??CABoRfWZ_kSBwFW@m? PAIR C1=0,8,2,12,9,4,14,6,13,7,1,10 C2=0,6,9,1,8,13,4,10,2,14,7,12
O??CABoR_^NOZ_fOUIDi? PAIR C1=0,6,9,1,12,5,10,8,2,14,3,11,4,13,7,15 C2=0,8,3,15,2,12,4,10,6,11,1,7,14,9,5,13
O??CABoR_^LoV_mOUIDi? PAIR C1=0,6,12,1,9,4,11,2,8,10,5,15,3,14,7,13 C2=0,8,3,13,2,15,7,1,11,6,10,4,12,5,9,14
O??CABoBo^FWZ_v?]ADi? PAIR C1=0,14,3,13,1,8,2,11,7,10,4,9,6,12,5,15 C2=0,6,11,4,12,1,7,9,14,2,15,3,8,10,5,13
O??CABoBo^Dw]_v?]ADi? PAIR C1=0,13,1,8,2,12,6,11,7,10,4,9,5,15,3,14 C2=0,6,10,8,3,13,5,11,4,12,1,7,9,14,2,15
O??CABoBo^]A]_\_TgCy? PAIR C1=0,6,10,4,9,7,15,5,13,1,8,2,12,3,11 C2=0,8,3,13,2,11,1,7,10,5,9,6,12,4,15
O??CABoBo^]A]_Z_UgCy? PAIR C1=0,6,9,4,12,3,11,1,8,10,7,15 C2=0,8,3,15,4,10,6,12,1,7,9,11
O??CE@_}Fo]_N_Dw@{?^? PAIR C1=0,6,12,5,14,4,15,7,13,8,1,9,3,11 C2=0,7,1,11,5,15,8,14,6,13,3,12,4,9
O??CE@_}FoMon?Bw@{?n? PAIR C1=0,6,11,1,8,13,5,15,7,14,4,9,3,10,2,12 C2=0,7,1,10,4,13,6,15,8,14,5,12,3,11,2,9
O??CE@_}Fg\_N_EwA{?^? PAIR C1=0,9,1,8,13,7,14,3,10,2,12,6,15,4,11 C2=0,7,15,8,14,6,13,4,12,3,9,2,11,1,10
O??CE@_}FgNOn?Dw@{?^? PAIR C1=0,9,1,8,13,7,14,4,15,6,11,2,10,3,12 C2=0,7,15,8,14,6,13,3,9,2,12,4,11,1,10
O??CE@_}FgNOLofG@{?^? PAIR C1=0,9,1,8,13,4,15,7,14,6,12,3,11,2,10 C2=0,7,12,2,9,4,14,8,15,6,11,1,10,3,13
O??CE@_}FgNOJofG@{?n? PAIR C1=0,9,1,8,14,7,15,3,10,2,12,6,11,4,13 C2=0,7,12,4,14,6,15,8,13,3,9,2,11,1,10
O??CE@_}FgLoMofG@{?n? PAIR C1=0,9,1,8,14,7,15,3,10,2,12,6,11,4,13 C2=0,7,12,4,14,6,15,8,13,3,9,2,11,1,10
O??CE@_}FgLoJofGB[?n? PAIR C1=0,9,1,8,14,7,15,3,10,2,12,6,11,4,13 C2=0,7,12,4,14,6,15,8,13,3,9,2,11,1,10
O??CE@_nFo]_Z_EwA{?^? PAIR C1=0,7,1,10,4,13,6,12,5,15,8,14,3,9 C2=0,6,15,7,14,5,9,4,12,1,8,13,3,10
O??CE@_fNo^?\_Lo@{?^? PAIR C1=0,6,12,1,7,13,5,15,8,14,4,9,3,10 C2=0,7,14,5,12,3,13,6,15,4,10,1,8,9
O??CEB_{FoN_N_Fo@{?N_ PAIR C1=0,7,14,8,15,6,13,4,12,5,11,1,9,3,10 C2=0,8,1,10,4,11,3,12,6,14,5,13,7,15,9
O??CEB_{FoFgLoBw@uA{? PAIR C1=0,6,13,8,14,4,10,3,9,1,15,5,12,2,11,7 C2=0,9,14,6,12,3,15,4,11,5,13,7,1,8,2,10
O??CEB_{FoDwNODwJo?\_ PAIR C1=0,8,15,4,11,2,12,5,14,6,13,7,1,9,3,10 C2=0,6,11,7,12,4,10,2,8,1,14,3,13,5,15,9
O??CEB_{FoDwNO@{Jo?|? PAIR C1=0,6,13,7,12,3,14,5,15,8,1,10,4,11,2,9 C2=0,7,11,6,15,3,9,1,14,4,12,5,13,8,2,10
O??CEB_{FoDwLoFWJo?\_ PAIR C1=0,6,12,7,13,3,14,5,15,8,1,10,4,11,2,9 C2=0,7,11,6,15,4,14,1,9,3,12,5,13,8,2,10
O??CEB_{B[FoMo@{Z_?z? PAIR C1=0,6,12,4,11,2,10,1,8,15,5,14,3,9,13,7 C2=0,8,13,6,10,5,11,3,15,4,14,1,7,12,2,9
O??CEB_{@yB[Fo|?Lo?\_ PAIR C1=0,6,14,5,15,9,1,13,3,12,4,10,2,8,11,7 C2=0,8,15,4,14,1,7,12,6,11,3,10,5,13,2,9
O??CEB_]FoV_V_Dw?}@]? PAIR C1=0,8,1,7,13,5,15,2,9,14,6,12,4,11,3,10 C2=0,7,15,6,13,3,9,4,10,1,12,5,14,8,2,11
O??CEB_]EwNOn?Dw?}@]? PAIR C1=0,7,14,9,2,15,4,12,5,10,3,11,1,8 C2=0,10,4,11,2,8,14,5,15,7,1,9,3,12
O??CEB_]?Na{Fon?^?B[? PAIR C1=0,8,2,9,10,6,15,5,11,3,14,4,13 C2=0,6,11,8,10,5,13,3,9,4,15,2,14
O??CEB_]?Na{FoN_^?FW? PAIR C1=0,6,13,2,9,10,8,1,15,5,11,3,14 C2=0,8,11,6,10,5,13,3,9,1,14,2,15
O??CE?orNo^?RgBwEw@m? PAIR C1=0,9,5,15,7,13,8,3,14,6,12,4,10,2,11 C2=0,7,14,2,15,6,13,5,12,8,9,4,11,3,10
O??CE?orNo]_RgBwFW@m? PAIR C1=0,9,5,15,7,13,8,3,14,6,12,1,10,2,11 C2=0,7,14,2,15,6,13,5,12,8,9,1,11,3,10
O??CE?orMXXcMoMoEwBk? PAIR C1=0,9,4,10,8,2,14,3,13,6,12,7,1,15,5,11 C2=0,7,14,6,15,2,13,4,12,3,8,11,1,9,5,10
O??CE?orMX@{Mo]_EwFg? PAIR C1=0,9,4,11,5,14,2,8,10,1,7,12,6,13,3,15 C2=0,6,14,7,11,8,3,12,4,13,2,15,1,9,5,10
O??CE?orMX@{MoMoMoFg? PAIR C1=0,9,8,2,13,6,11,4,12,7,1,10,5,15 C2=0,6,12,2,15,1,9,5,11,8,10,4,13,7
O??CE@o{FW^?LoBkBw?^? PAIR C1=0,7,1,10,5,12,6,15,4,14,3,11,2,8,13,9 C2=0,6,13,4,11,1,9,3,8,15,5,14,7,12,2,10
O??CE@o{FWJon?Mo@{?N_ PAIR C1=0,9,2,8,14,4,13,7,1,10,5,15,6,11,3,12 C2=0,6,13,2,12,5,14,7,15,8,3,9,1,11,4,10
O??CE@oyFgJo@{BwV_@u? PAIR C1=0,7,12,8,2,10,1,9,4,13,6,11,3,14 C2=0,6,12,9,2,14,4,11,1,7,13,8,3,10
O??CE@oA~WZ_]_BwUa@m? PAIR C1=0,7,15,6,13,5,10,1,11,3,12,4,9,8,2,14 C2=0,6,9,7,13,8,1,12,2,15,3,14,5,11,4,10
O??CE@oAz[Z_}?BwUa@m? PAIR C1=0,7,15,6,13,5,10,1,11,3,8,9,4,12,2,14 C2=0,6,9,7,13,8,1,12,3,14,5,15,2,10,4,11
O??CE@oAw^EwN_{C\_Ew? PAIR C1=0,6,9,8,3,11,7,10,5,12,4,15,1,13 C2=0,7,1,8,10,4,9,13,3,12,6,11,5,15
O??CE@oAw^DwN_{C]_Ew? PAIR C1=0,6,12,5,10,7,9,8,3,13,2,14,1,15 C2=0,7,1,13,9,6,10,8,2,12,3,15,5,14
O??CEBoyBoJoBwn?Ew?Mo PAIR C1=0,7,1,8,3,11,5,14,2,10,15,9,4,13 C2=0,8,2,13,5,15,7,14,3,10,4,11,1,9
O??CEBorBoLoKsn??|?}? PAIR C1=0,6,11,2,10,4,13,5,14,7,15,3,8,1,9 C2=0,7,1,11,4,9,5,15,6,14,10,3,13,2,8
O??CEAw]@MZ@|?Z_Bw?N_ PAIR C1=0,6,13,4,9,15,5,10,11,1,7,14,3,8 C2=0,7,10,6,15,8,4,14,5,13,1,9,3,11
O??CE@a{FoRcFWLo@yB[? PAIR C1=0,6,13,7,12,4,15,2,8,1,9,14,5,11 C2=0,7,1,15,6,14,4,11,8,12,5,13,2,9
O??CE@a{BsDwLoB[RcEw? PAIR C1=1,7,11,2,12,5,15,4,14,3,9,13,8 C2=1,9,2,8,14,5,11,4,13,7,12,3,15
O??CE@a{@uLoLoB[RcEw? PAIR C1=0,9,3,12,2,10,6,8,13,4,15,5,14 C2=0,6,12,5,13,9,2,8,14,4,10,3,15
O??CE@auFgRcFWMoCyB[? PAIR C1=0,6,15,4,13,7,1,8,12,5,14,2,10,3,9 C2=0,7,14,6,8,2,13,3,12,4,9,1,15,5,10
O??CE@auCx^?FWLoCyB[? PAIR C1=0,6,15,4,10,8,12,5,14,7,1,9 C2=0,7,12,4,9,14,6,8,1,15,5,10
O??CE@a[fo]_B[fGDw?}? PAIR C1=0,6,8,1,9,2,11,5,14,7,12,4,15,3,10 C2=0,7,1,10,4,14,2,8,12,5,15,6,9,3,11
O??CE@a[fW^?B[fGEw?}? PAIR C1=0,6,8,1,11,3,14,7,15,4,12,9,2,10 C2=0,7,12,8,2,14,6,15,3,9,1,10,4,11
O??CE@a[fWZ_B[fGFW@m? PAIR C1=0,6,8,1,9,12,4,11,3,14,7,15,2,10 C2=0,7,12,8,2,9,3,15,6,14,4,10,1,11
O??CE@a[ew^?B[fGEw@]? PAIR C1=0,6,15,5,14,2,9,12,8,13,4,11,1,7 C2=0,11,2,8,1,9,6,14,7,15,4,12,5,13
O??CBB_{FWJofON_@]?n? PAIR C1=0,6,15,7,1,11,4,14,9,2,13,3,12,5,10 C2=0,9,1,10,2,7,14,6,11,3,15,5,13,4,12
O??CBB_{EwNOn?Fo@{?N_ PAIR C1=0,6,13,5,12,2,9,3,10,4,11,1,7,15,8 C2=0,9,1,8,2,7,13,4,12,3,11,6,15,5,10
O??CBB_{EwLoN_A{Rg?n? PAIR C1=0,6,12,2,11,4,13,9,3,10,1,7,15,8 C2=0,9,2,7,13,8,1,11,6,15,3,12,4,10
O??CBB_{?vA{v?n?Lo?]_ PAIR C1=0,6,10,8,1,9,15,4,12,5,11,7,2,13 C2=0,9,2,8,11,6,15,5,13,4,10,7,1,12
O??CBB_uFgLoN_fO?}?v? PAIR C1=0,6,12,4,15,8,1,9,3,10,2,11,5,13 C2=0,8,2,12,5,10,1,11,6,15,3,13,4,9
O??CBB_uBkLon?@{Rg?v? PAIR C1=0,6,11,2,10,3,9,1,8,15,4,12 C2=0,8,2,12,3,15,6,10,1,11,4,9
O??CBB_[ew^?bSN_A{?^? PAIR C1=0,6,15,5,13,2,8,14,7,1,11,4,10 C2=0,8,1,10,5,14,6,13,4,15,7,2,11
O??CBB_[ewNOn?bSA{?^? PAIR C1=0,6,9,1,11,3,10,4,12,2,7,14,8,15,5,13 C2=0,10,5,14,6,15,7,1,8,2,11,4,13,9,3,12
O??CBB_eUwV_Xc]_A{?^? PAIR C1=0,8,15,4,10,3,11,5,14,6,12,1,13,2,7,9 C2=0,6,13,4,11,2,8,14,3,9,12,5,15,7,1,10
O??CBB_EonB[v?n?[aB[? PAIR C1=0,6,9,3,12,1,14,5,15,2,8,10,7,11,4,13 C2=0,8,11,6,15,1,7,9,4,12,5,10,3,13,2,14
O??CBBO{FWNOfON_@{?N_ PAIR C1=0,6,13,5,15,9,1,7,12,3,11,2,10 C2=0,9,3,13,2,7,15,6,11,1,10,5,12
O??CBBO{DwRg]_Z_@{?N_ PAIR C1=0,6,13,5,15,9,1,7,14,8,3,11,4,12,2,10 C2=0,9,3,12,1,8,15,6,14,5,10,4,13,2,7,11
O??CBBO{Cy^?Fo@{DsB[? PAIR C1=0,8,13,6,15,5,12,3,11,4,14,2,7,10 C2=0,6,14,8,3,10,5,13,7,12,4,15,2,11
O??CBBO[_^DsFobS^?Fg? PAIR C1=1,14,4,11,5,12,3,8,10,7,2,15 C2=1,7,12,4,10,5,15,3,14,2,11,8
O??CBBOY_^Ds]_fOQiFg? PAIR C1=1,9,6,12,4,11,8,3,13,5,10,7,2,15 C2=1,7,13,4,9,2,12,3,15,5,11,6,10,8
O??CBBOeSy@{Jg]_KqFg? PAIR C1=1,7,10,3,8,11,6,12,5,14,9,4,13 C2=1,8,12,4,10,5,11,7,9,3,13,6,14
O??CBBOEo^DsfO]_[aFg? PAIR C1=1,8,11,4,9,6,13,3,12,7,10,5,15,2,14 C2=1,7,9,14,5,12,4,13,2,11,6,10,8,3,15
O??CBBOBo^DsfO}?]ABk? PAIR C1=1,8,11,4,13,3,12,7,10,6,9,5,15,2,14 C2=1,13,2,7,9,14,3,8,10,4,12,5,11,6,15
O??CBAWxCyRgXgXgBYBs? PAIR C1=0,9,5,10,7,14,6,13,2,15,3,8,4,11 C2=0,6,15,4,10,3,14,9,2,7,11,5,13,8
O??CBAWdSy^?FoZ_KsBD_ PAIR C1=0,9,7,2,15,8,4,13,6,12,5,10,3,11 C2=0,6,15,9,5,13,2,11,4,10,7,12,3,8
O??CBAWdSyBwz?XgKUBs? PAIR C1=2,7,11,5,9,14,8,3,10,4,15,6,13 C2=2,14,6,11,4,8,13,5,10,7,9,3,15
O??CBAP{Ew^?FoBsKs@\? PAIR C1=0,8,7,1,10,4,11,3,12,6,15,2,14,5,13,9 C2=0,10,3,8,14,6,13,4,15,5,12,7,2,9,1,11
O??CBAPuCyBw]_HkKsFW? PAIR C1=0,10,4,12,1,7,8,14,5,11,6,13,2,15 C2=0,6,12,2,14,1,15,4,11,7,10,5,13,8
O??CBAPfCyBw]_WkKsFW? PAIR C1=1,12,4,10,3,9,5,11,7,8,14,6,13,2,15 C2=1,7,10,5,15,4,9,13,8,3,11,6,12,2,14
O??CBAPfBDlSFoZ_RgFg? PAIR C1=1,11,4,12,3,8,7,14,5,13,6,10,2,15 C2=1,7,2,13,4,14,3,15,5,12,6,11,8,10
O??CBAP[bTKsFobSZ_Dw? PAIR C1=0,6,10,2,15,3,8,7,12,5,11,1,14 C2=0,8,10,1,7,2,11,6,12,3,14,5,15
O??CBAP[a\LSFobSV_Fg? PAIR C1=0,13,5,15,3,8,7,12,4,11,1,10,6,9,2,14 C2=0,8,10,5,14,4,13,7,1,9,3,12,6,11,2,15
O??CBAP[a\DsFobS^?Fg? PAIR C1=0,13,5,15,3,8,11,4,12,7,1,10,6,9,2,14 C2=0,8,10,5,12,6,11,2,7,13,4,14,3,9,1,15
O??CBAPYbLLSv?dSRg@{? PAIR C1=0,13,9,2,11,6,15,4,12,5,10,1,7,8,3,14 C2=0,8,10,6,9,1,11,4,14,5,13,7,2,15,3,12
O??CBAPYa\Ds]_fOQiFg? PAIR C1=0,13,3,8,11,2,12,4,10,5,15,1,7,14 C2=0,8,10,1,12,3,14,5,11,4,13,7,2,15
O??CBAPeSyZ_WkJgLoBk? PAIR C1=0,8,7,2,13,6,14,1,15,3,11,5,10 C2=0,6,15,2,14,5,13,8,3,10,7,1,11
O??CBAPeSyJo]_HkKsFW? PAIR C1=0,6,11,5,13,8,3,10,7,1,14,2,12,4,15 C2=0,8,7,2,13,6,14,5,15,1,12,3,11,4,10
O??CBAPeSyHsYgN_KqFg? PAIR C1=0,6,14,1,7,8,11,5,10,3,13,2,15 C2=0,8,3,15,1,11,6,13,5,14,2,7,10
O??CBAPeSyHsJg]_KqFg? PAIR C1=0,6,14,1,7,8,11,5,15,3,13,2,12,4,10 C2=0,8,3,10,7,2,14,5,12,6,13,4,11,1,15
O??CBAPeRKrgv?JgKsBs? PAIR C1=0,6,14,5,13,2,10,9,4,12,1,7,11 C2=0,9,7,2,14,1,10,6,13,4,11,5,12
O??CBAPeRD|_|?V_Bw@\? PAIR C1=0,8,7,9,10,2,15,6,14,4,13,3,12,1,11 C2=0,9,3,14,7,1,13,6,10,8,15,4,11,2,12
O??CBAPeRDz_z?\_Bw@\? PAIR C1=0,8,15,4,14,6,10,9,7,2,13,3,11,1,12 C2=0,9,3,14,7,8,10,1,13,6,15,2,12,4,11
O??CBAPeRDz_z?XgBw@{? PAIR C1=0,6,14,4,15,3,11,1,7,9,10,2,12 C2=0,9,3,14,7,2,15,6,10,1,12,4,11
O??CBAPbSy^?\_V_KU@\? PAIR C1=0,9,14,8,3,11,2,7,1,12,6,15,4,10 C2=0,6,14,1,11,4,9,7,10,3,12,2,15,8
O??CBAPbSyZ_]_\_KU@\? PAIR C1=0,9,14,1,13,6,15,2,7,8,3,12,4,11,5,10 C2=0,6,14,2,12,1,11,3,13,5,9,7,10,4,15,8
O??CBAPbSyKUv?YgMo@{? PAIR C1=0,9,11,6,13,1,14,5,10,3,8,7,2,15,4,12 C2=0,6,14,2,11,1,12,3,15,5,9,7,10,4,13,8
O??CBAPErLHsN_xCRgFo? PAIR C1=1,7,9,6,10,2,12,4,11,8,3,15 C2=1,10,8,7,2,15,4,9,3,12,6,11
O??CBAPEq\Ds\_fO[aFo? PAIR C1=1,10,6,9,7,2,12,3,8,11,4,15 C2=1,7,8,10,4,9,3,15,2,11,6,12
O??CBAPBrTKsFo{CZ_Dw? PAIR C1=0,13,3,8,10,2,7,9,6,12,4,15 C2=0,6,10,4,9,13,2,15,3,12,7,8
O??CBAPBq\DsFo}?]AFg? PAIR C1=0,14,3,8,10,6,12,4,11,2,7,9,5,15 C2=0,6,11,5,10,4,9,14,2,15,3,12,7,8
O??CBAPQg}BwYglC]_FW? PAIR C1=0,14,3,13,5,11,4,10,6,9,8,7,1,12,2,15 C2=0,6,12,4,9,13,2,14,1,15,5,10,7,11,3,8
O??CBAXxF_Ksv?BqBY@{? PAIR C1=0,10,3,14,6,11,2,15,4,8,7,1,12 C2=0,6,15,3,12,4,14,7,2,10,1,11,8
O??CBAXxF_Ksv?AuBw@{? PAIR C1=0,10,3,14,6,11,2,15,4,8,7,1,12 C2=0,6,15,3,12,4,14,7,2,10,1,11,8
O??CBAXfBcPh|?FoLoBD_ PAIR C1=0,9,5,13,3,8,4,14,1,10,6,15,2,7,11 C2=0,6,13,4,11,5,14,2,10,3,9,15,1,7,8
O??CBAXeVGKsv?XcBX@{? PAIR C1=1,11,5,10,2,15,3,8,4,14,7,9,13 C2=1,7,8,11,2,13,5,15,4,9,3,14,10
O??CFBOY?NayJgN_^?Ew? PAIR C1=1,7,11,9,2,12,5,10,6,13,4,15,3,14 C2=1,9,10,7,2,14,4,12,6,11,3,13,5,15
O??CFBOyBgV_JgAyAyA{? PAIR C1=1,8,12,5,10,13,4,9,2,7,14,3,15 C2=1,7,13,8,3,10,2,12,4,15,5,14,9
O??CFAW{BHKsv?BsBX@{? PAIR C1=0,9,1,10,8,4,13,6,14,7,2,15,3,12 C2=0,6,15,4,12,1,7,13,9,2,10,14,3,8
O??CBbGBto]Az?V_Es?NO PAIR C1=1,11,9,6,15,5,12,2,14,8,4,10,3,13 C2=1,8,15,10,2,11,3,14,6,13,5,9,4,12
O??EE?o{EX^?@{BwFo@y? PAIR C1=0,7,1,6,14,2,9,3,15,4,13,8,10 C2=0,6,13,7,15,2,8,3,14,4,10,1,9
O??EE?o{EXV_A{BwN_@m? PAIR C1=0,10,8,2,14,3,9,12,6,1,7,15,5,13,4,11 C2=0,6,13,7,12,8,3,15,2,11,5,10,4,14,1,9
O??EE?omEX^?^?Bw?}@m? PAIR C1=0,6,14,8,13,7,15,5,10,4,9,2,12,3,11 C2=0,7,14,9,3,15,6,13,5,12,4,11,2,8,10
O??EE?omEXXc@{^?Ew@u? PAIR C1=0,6,1,13,5,10,4,9,12,7,14,3,8,11 C2=0,7,1,10,8,12,6,14,5,11,4,13,3,9
O??EE?oqG^FoMorGEiFg? PAIR C1=1,7,10,8,13,5,14,3,12,6,11,4,9 C2=1,6,10,5,11,3,8,9,14,7,12,4,13
O??EE?obMX^?Bw^?Ew@e_ PAIR C1=0,6,1,13,2,11,4,10,8,12,5,9,15,7 C2=0,10,5,13,4,9,8,2,15,6,12,7,1,11
O??EE?wMFgDw}?FoWe?N_ PAIR C1=0,12,4,11,2,8,15,6,13,7,1,10,5,14 C2=0,6,11,7,15,5,13,4,8,14,1,12,2,10
O??EE?wpLo]_Is^??|?}? PAIR C1=0,6,15,7,1,9,8,3,13,2,12,4,10,14,5,11 C2=0,7,14,6,12,9,5,15,3,11,1,13,4,8,2,10
O??ED@_{FWFoVOfG@]?n? PAIR C1=0,10,4,12,3,15,7,14,8,2,9,1,6,11,5,13 C2=0,6,15,8,1,10,5,12,7,2,11,3,13,4,14,9
O??ED@O{Ay^?jGN_?}?^? PAIR C1=1,9,2,7,14,8,15,5,13,3,11,4,10 C2=1,8,3,9,14,5,10,7,15,4,13,2,11
O??ED?qwEX^?^?B[Bw?m_ PAIR C1=0,7,2,9,15,6,1,10,8,13,5,14,3,12,4,11 C2=0,6,8,3,15,7,14,4,13,9,1,11,2,12,5,10
O??ED?qyDgFoDsQYHkEw? PAIR C1=1,14,8,13,7,2,9,4,11,3,12,5,15 C2=1,9,12,7,14,5,11,2,8,3,15,4,13
O??ED?qSO}HkJcbK^?Fg? PAIR C1=0,13,8,6,12,5,10,4,14,3,9,1,11,7,2,15 C2=0,7,9,12,2,8,11,4,13,5,15,3,10,6,1,14
O??ED?qQQZBwLcrGUaFo? PAIR C1=0,6,8,10,5,12,9,14,3,11,4,13,1,15,2,7 C2=0,13,5,14,2,8,3,12,6,11,7,9,1,10,4,15
O??E@b_Mf_FoBYBwWiEw? PAIR C1=0,6,13,4,11,2,7,14,9,3,15,5,12,8 C2=0,14,5,13,8,2,9,6,11,3,7,12,4,15
O??E@bGkEY^?RSN_Es?N_ PAIR C1=0,9,3,14,8,1,12,5,10,4,13,2,11 C2=0,8,4,12,9,2,14,5,13,3,11,1,10
O??E@bG{Do?|rOBsEsBw? PAIR C1=0,6,13,5,11,7,2,10,4,12,1,8,14,3,9 C2=0,8,4,13,7,3,10,11,6,1,9,2,14,5,12
O??E@bGM@{^?LgrOWi?N_ PAIR C1=0,6,1,13,4,10,3,7,14,9,2,12,8 C2=0,13,7,2,10,6,12,3,9,4,8,1,14
O??E@bGpToXg@y^?Fo@d_ PAIR C1=0,9,5,14,6,12,8,1,11,7,2,15,3,13,4,10 C2=0,6,1,9,15,8,4,14,3,7,12,10,2,13,5,11
O??E@bGpToXg@yLgFQBw? PAIR C1=0,9,5,13,3,15,2,7,11,1,8,12,6,14,4,10 C2=0,6,13,8,4,15,1,9,7,3,14,2,10,12,5,11
O??E@bGbV_XgBqKkEsBw? PAIR C1=0,8,1,11,7,9,4,12,5,14,6,13,2,15,3,10 C2=0,9,13,3,7,12,6,1,10,2,14,8,4,15,5,11
O??E@bGbRoXg|?@yFo@d_ PAIR C1=0,9,4,11,1,10,2,7,13,6,14,5,12 C2=0,6,1,12,2,14,4,10,13,5,9,7,11
O??E@_qw?{`y}?|?PkAZ? PAIR C1=0,9,2,7,14,8,3,13,1,6,10,5,15,4,12 C2=0,6,8,2,12,3,7,15,1,9,10,4,14,5,13
O??E@_qw?{`y}?n?WkAZ? PAIR C1=0,9,2,7,14,1,6,10,3,8,15,5,13 C2=0,6,8,2,13,3,7,15,1,9,10,5,14
O??E@_qoSZHk}?|?Dq?{_ PAIR C1=0,9,14,6,8,2,7,11,1,13,5,10 C2=0,6,1,9,7,10,8,11,5,14,2,13
O??E@_qoSZHk}?z?Bq@k_ PAIR C1=0,6,1,11,7,10,5,14,4,12,3,15,9 C2=0,10,4,11,5,15,6,14,3,7,9,1,12
O??E@_qoSZHkz?v?FQ@k_ PAIR C1=0,6,8,3,15,9,14,4,12,5,13,1,11,7,10 C2=0,12,1,9,7,3,14,6,15,5,11,8,10,4,13
O??E@_qaPkeqz?v?HkER? PAIR C1=0,6,10,2,12,5,11,3,8,14,4,15,1,13 C2=0,12,4,13,3,10,5,14,1,6,11,2,8,15
O??E@_qaPkeqRWrOXcFo? PAIR C1=0,9,7,2,15,4,14,8,12,5,11,3,10,6,1,13 C2=0,6,11,9,10,2,8,3,7,12,4,13,5,14,1,15
O??E@_i`UJXgtGN_NA@s_ PAIR C1=0,9,7,3,13,4,15,2,14,1,6,8,12,5,11 C2=0,6,13,5,9,15,3,14,4,8,2,7,11,1,12
O??E@_iBuIWksKn?N_@sO PAIR C1=0,6,1,14,2,15,10,5,13,3,7,9,4,8,11 C2=0,10,1,11,7,2,8,6,9,5,14,3,15,4,13
O??EDaoB`[Fo{Cv?HkABo PAIR C1=0,6,9,5,10,15,8,3,7,2,11,4,14,1,13 C2=0,7,14,5,13,3,11,6,1,15,9,4,10,2,8
O?AA@B_{FoN_@{BwRW?}? PAIR C1=0,8,1,9,3,15,7,2,11,5,12,6,14 C2=0,5,15,6,1,11,3,14,7,12,8,2,9
O?AA@B_{BwVOuOFo@{?N_ PAIR C1=0,8,14,7,15,5,13,6,11,2,9,1,10,3,12 C2=0,9,15,8,2,10,5,14,6,1,12,7,13,3,11
O?AA@Bo\DSPY}?TQ@{?}? PAIR C1=0,10,2,8,14,5,9,1,6,11,7,13,3,12 C2=0,5,13,10,6,14,7,2,12,1,8,3,9,11
O?AA@Bo\DSPYBwN_IhEq? PAIR C1=0,5,9,2,8,12,7,11,6,1,15,3,14,10 C2=0,11,9,3,8,1,14,5,12,6,10,2,7,15
O?AA@Bo\DSIh^?BwRWCU_ PAIR C1=0,5,9,2,8,1,6,13,7,15,4,14,3,11,10 C2=0,8,3,9,1,11,5,13,4,10,2,7,14,6,15
O?AA@BoLbW@{qSVOVOCeO PAIR C1=0,5,13,1,10,15,6,9,3,14,4,12 C2=0,14,6,1,12,9,5,10,4,13,3,15
O?AA@BoDrW\ABwN_ZGCeO PAIR C1=0,5,13,6,12,4,14,7,9,3,15,10,2,8 C2=0,14,3,8,12,7,2,13,4,10,5,9,6,15
O?AADB_]?m\@VO@{VO?|? PAIR C1=0,5,10,6,13,7,12,3,15,8,2,14,4,11 C2=0,7,2,11,10,3,14,6,15,4,12,5,13,8
O?AADB_HeovOUS^?A{?^? PAIR C1=0,7,12,4,11,3,13,2,9,5,14,6,15,8 C2=0,5,13,4,15,7,2,8,14,3,12,9,6,11
O?AAD@O{FoJgigN_?}?^? PAIR C1=0,5,11,7,14,6,12,2,13,3,8,15,4,10 C2=0,7,2,10,3,11,4,13,6,15,5,14,8,12
O?AAD@O{AyN_m_ig@{?N_ PAIR C1=0,5,10,4,11,3,8,13,2,12,6,14,7,15,9 C2=0,7,10,3,9,2,11,5,14,8,15,6,13,4,12
O?AADBOyBoVODsVODs?NO PAIR C1=0,9,2,7,15,10,4,13,5,12,6,14,8,3,11 C2=0,5,14,2,10,3,13,7,12,9,4,11,6,15,8
O?AADBOyBgVOVODsDs?VO PAIR C1=0,5,14,8,3,12,4,11,2,10,15,7 C2=0,8,15,4,14,2,7,12,5,10,3,11
O?AADBOUQiTP}?FoDs@L_ PAIR C1=0,5,15,2,7,13,6,14,8,3,10,11,4,12 C2=0,7,10,5,14,4,13,3,12,2,11,6,15,8
O?AADBOUOm\@VOm_Cu@\? PAIR C1=0,7,2,13,6,14,5,12,4,15,8,3,10,11 C2=0,5,15,6,10,7,12,3,13,4,11,2,14,8
O?AAD@oyAiPT}?N_Bw?N_ PAIR C1=0,11,10,7,2,8,1,6,14,5,13,3,12 C2=0,5,10,1,12,2,13,6,11,8,3,14,7
O?AAD@ouDc^?RQN_@{?N_ PAIR C1=0,5,15,7,14,6,1,8,2,13,3,11,4,12,10 C2=0,7,2,10,3,8,15,6,13,4,14,5,12,1,11
O?AAD@oibgPT}?BwBwAi_ PAIR C1=0,7,2,10,11,6,9,4,14,5,15,1,12 C2=0,5,10,1,6,14,7,15,9,2,12,4,11
O?AAD@oTO]@{akm_N_F_O PAIR C1=0,5,14,1,6,11,8,3,15,10,7,2,13 C2=0,7,11,5,10,6,13,3,14,2,8,1,15
O?AAD@oTO]@{akN_^?F_O PAIR C1=0,5,11,8,1,6,13,3,15,10,7,2,14 C2=0,7,11,6,10,5,13,2,8,3,14,1,15
O?AAD@Wgn_^?RSN_Bw?NO PAIR C1=0,10,1,6,9,2,13,4,12,7,14,3,11 C2=0,7,2,10,3,13,6,14,4,11,1,12,9
O?AAD@c{AYN_m_ciB[?]_ PAIR C1=0,7,2,11,3,12,6,1,9,15,5,10,13 C2=0,5,11,1,10,7,15,6,13,3,9,2,12
O?AAD@c{AYN_m_ci@]?}? PAIR C1=0,5,11,3,13,6,12,2,9,1,8,14,4,10,7 C2=0,9,3,12,4,11,2,7,14,6,1,10,5,8,13
O?AA@b_qRgPXm_^?@{?l_ PAIR C1=0,11,7,9,15,8,1,6,14,5,10,3,13,4,12 C2=0,8,14,7,3,12,6,15,5,13,1,10,11,4,9
O?AA@b_DmQXIBw^?VO@kO PAIR C1=0,8,2,7,12,6,14,4,13,3,15,5,9,11 C2=0,5,13,2,15,6,9,8,12,4,11,7,3,14
O?AADb_K_l@{qERSVOBw? PAIR C1=0,8,11,5,10,3,14,4,13,7,2,9,12 C2=0,5,13,9,3,7,11,4,12,10,8,2,14
O?AEB?c{@[N_BsEwRKE`O PAIR C1=0,6,10,4,13,7,12,5,11,1,9,3,15,8,14 C2=0,9,12,6,1,7,14,4,11,3,13,8,5,10,15
O?ABBAOeFoKe^?eo@{?N_ PAIR C1=0,8,14,6,13,3,9,15,5,11,1,12,4,10 C2=0,9,11,8,15,6,1,10,3,12,5,14,4,13
O?ABBAWeF_Ke@{^?@xCu? PAIR C1=0,8,3,9,4,15,7,12,5,11,1,13,2,10 C2=0,5,13,4,8,12,9,11,2,7,1,10,3,15
O?BE@_gEFoFo}?@{?}EB_ PAIR C1=0,10,2,8,4,9,14,6,13,5,11,3,12 C2=0,5,14,8,13,9,3,10,4,12,2,11,6
O?BE@_gMEQ^?N_DiWM?N_ PAIR C1=0,5,12,6,15,7,2,11,3,13,8,4,9,14 C2=0,6,13,5,15,8,14,7,3,9,2,12,4,11
O?`@F?kQcKBwsglCN@?bo PAIR C1=0,12,8,5,10,6,2,14,4,11,3,13 C2=0,4,8,2,13,5,11,6,12,3,14,10
