O????Bw}FKWwlOUoDw?}? PAIR C1=1,10,5,15,4,8,3,9,2,12,7,13,6,11 C2=1,8,2,10,6,15,7,11,5,12,3,13,4,9
O????Bw}FKWwfOUoEw@]? PAIR C1=1,10,5,15,2,9,4,8,3,12,7,13,6,11 C2=1,8,2,10,6,15,7,11,5,12,4,13,3,9
O????Bw|Fo[WpoJoBw?}? PAIR C1=0,10,1,11,6,13,2,8,3,9,5,15,4,14,7,12 C2=0,8,1,12,5,13,4,10,3,14,6,15,7,11,2,9
O????Bw|FcPw{ORoDw?}? PAIR C1=0,8,3,15,5,14,4,11,6,13,7,12,2,10 C2=0,11,5,13,4,8,2,14,7,15,6,10,3,12
O????Bw|FSWwdoVOFW@]? PAIR C1=0,8,3,14,4,15,5,11,6,12,7,13,1,9,2,10 C2=0,9,3,12,5,13,4,10,6,15,7,14,2,8,1,11
O????Bw|FSWwdoRoFg@u? PAIR C1=0,9,1,8,2,14,3,15,4,13,7,12,5,11,6,10 C2=0,11,1,13,6,15,7,14,5,9,2,10,4,8,3,12
O????Bw|FEZ_woJoBw?}? PAIR C1=0,10,1,9,2,8,3,11,4,15,5,14,6,13,7,12 C2=0,9,3,14,7,15,6,10,2,12,1,8,4,13,5,11
O????Bw|FE\OxOFoBw?}? PAIR C1=0,8,3,15,4,14,5,9,1,12,7,13,6,11,2,10 C2=0,9,3,14,7,15,6,10,1,8,2,12,5,13,4,11
O????Bw|FEZOtOFoDw@]? PAIR C1=0,11,3,13,6,14,5,9,2,15,4,8,1,10,7,12 C2=0,9,1,11,4,13,5,12,3,8,2,14,7,15,6,10
O????Bw|FEXojOUoBw@m? PAIR C1=1,10,6,13,7,12,2,9,5,15,3,8,4,11 C2=1,8,2,10,7,15,6,11,5,12,4,13,3,9
O????Bw|FEXofOMoDwAm? PAIR C1=1,9,5,15,3,12,7,13,2,14,4,11,6,10 C2=1,11,5,12,4,13,3,9,2,10,7,14,6,15
O????Bw|FEXokoVODw?}? PAIR C1=0,10,7,14,5,13,3,15,4,8,2,9,1,11,6,12 C2=0,8,3,12,2,10,1,13,7,15,6,14,4,11,5,9
O????Bw|FEXokoNOHw?}? PAIR C1=0,10,7,14,5,9,2,13,4,15,3,8,1,11,6,12 C2=0,8,4,11,5,13,7,15,6,14,1,10,2,12,3,9
O????Bw|FEXoeoToFg@]? PAIR C1=0,9,5,15,4,14,2,8,3,13,7,12,6,10,1,11 C2=0,8,1,13,6,15,7,14,5,11,4,12,3,9,2,10
O????Bw|FE[Wz?FoBw?}? PAIR C1=0,10,1,9,5,15,3,8,2,12,4,14,6,13,7,11 C2=0,9,3,14,7,15,6,10,2,11,1,8,4,13,5,12
O????Bw|FE[Wf_VODw?}? PAIR C1=0,9,2,8,1,10,7,13,3,15,5,14,4,12,6,11 C2=0,10,6,15,7,14,2,11,1,9,3,8,4,13,5,12
O????Bw|FEXWl_VOBw@]? PAIR C1=0,9,5,14,7,10,1,13,3,8,4,15,2,12,6,11 C2=0,8,1,11,4,14,6,15,7,13,5,12,3,9,2,10
O????Bwxei^?woJoBw?}? PAIR C1=0,9,5,14,4,15,3,8,2,13,6,12,7,10,1,11 C2=0,8,1,12,2,9,6,15,7,14,3,11,4,13,5,10
O????BwxeiRotOYoFW@]? PAIR C1=0,9,1,12,7,13,6,15,4,14,2,8,3,11,5,10 C2=0,8,1,10,3,12,5,15,7,14,6,9,2,13,4,11
O????BwxeiXW}?LoDw?}? PAIR C1=0,9,1,12,2,8,3,10,7,13,5,15,4,14,6,11 C2=0,8,1,11,4,12,3,13,2,14,7,15,6,9,5,10
O????BwxeiXWn?XoFW?}? PAIR C1=0,10,5,15,4,8,1,9,2,12,3,14,6,13,7,11 C2=0,8,3,10,1,11,4,12,5,13,2,14,7,15,6,9
O????BwxeiXWf_ZOFW@m? PAIR C1=0,9,5,15,2,13,1,8,3,12,6,14,4,11,7,10 C2=0,11,6,9,1,10,3,15,7,14,2,8,4,13,5,12
O????BwpvoWwl_ZOFW?}? PAIR C1=0,8,1,13,7,11,6,12,2,10,3,14,4,15,5,9 C2=0,10,4,13,5,12,3,8,2,14,7,15,6,9,1,11
O????BwpvgToxOUoFW?}? PAIR C1=0,8,3,14,6,13,7,12,2,10,5,15,4,11 C2=0,10,3,13,4,8,2,14,7,15,6,11,5,12
O????BwpvgXWm_ZOEw?}? PAIR C1=0,9,5,14,3,15,4,8,1,10,2,13,7,11,6,12 C2=0,10,5,13,4,12,3,8,2,14,7,15,6,9,1,11
O????BwpvgXWj_VOFW@m? PAIR C1=0,8,2,15,3,14,4,12,6,11,7,13,1,10,5,9 C2=0,11,1,9,6,15,7,14,2,10,3,8,4,13,5,12
O????BwpvgXWj_[oFg?}? PAIR C1=0,10,1,8,3,14,4,15,5,9,6,12,2,13,7,11 C2=0,8,2,10,3,13,6,15,7,14,5,12,4,11,1,9
O????Bwptw[W}?ToDw?}? PAIR C1=0,10,3,15,4,8,2,12,1,9,5,14,6,13,7,11 C2=0,9,6,15,7,14,2,11,1,8,3,13,5,10,4,12
O????Bwptw[W{_VODw?}? PAIR C1=0,9,5,14,4,15,3,10,2,8,1,13,7,11,6,12 C2=0,10,5,13,4,8,3,12,2,14,7,15,6,9,1,11
O????Bwptw[W{_NOHw?}? PAIR C1=0,8,1,9,5,14,4,15,3,10,2,13,7,11,6,12 C2=0,9,6,15,7,14,1,11,2,12,3,8,4,13,5,10
O????BwptwUW}?XoBwA]? PAIR C1=0,8,3,10,2,11,7,13,6,9,5,14,4,15,1,12 C2=0,9,1,8,2,13,5,10,4,12,3,14,7,15,6,11
O????BwptwUWm_XoJgA]? PAIR C1=0,8,3,10,2,11,7,13,1,14,4,15,5,9,6,12 C2=0,9,1,8,2,13,6,15,7,14,5,10,4,12,3,11
O????BwptwUWioXoJoAy? PAIR C1=0,8,3,15,4,14,1,13,5,9,6,12,7,11,2,10 C2=0,9,1,8,2,12,4,10,5,15,7,13,6,14,3,11
O????BwptwWw|?YoBw@u? PAIR C1=0,9,1,12,5,10,2,8,3,15,4,14,6,13,7,11 C2=0,8,1,11,5,9,6,15,7,14,3,12,2,13,4,10
O????Bwptk\G|?MoHw?}? PAIR C1=0,8,2,10,3,15,4,11,7,13,6,9,5,14,1,12 C2=0,9,1,8,3,13,4,14,7,15,6,10,5,12,2,11
O????BwptkTg|?YoJW?}? PAIR C1=0,8,3,15,4,14,1,12,2,10,5,9,6,13,7,11 C2=0,9,1,8,2,13,4,11,5,12,3,14,7,15,6,10
O????BwptkTg|?RoJW@u? PAIR C1=0,8,3,14,4,15,2,10,6,13,7,11,5,9,1,12 C2=0,9,6,15,7,14,1,8,2,11,4,13,5,12,3,10
O????BwptkTgl_]OJWA]? PAIR C1=0,8,4,14,6,12,3,10,5,15,1,13,7,11 C2=0,10,6,15,7,14,1,8,3,13,4,11,5,12
O????BwptkTgl_VOJWBU? PAIR C1=0,8,4,14,3,13,7,11,5,9,1,15,2,10,6,12 C2=0,9,6,15,7,14,1,8,2,11,4,13,5,12,3,10
O????BwptkTgj_VOJWBe? PAIR C1=0,8,2,15,1,13,7,9,5,10,6,14,4,12 C2=0,9,6,15,7,14,1,8,4,13,5,12,2,10
O????BwptkTgeoZ_JgBe? PAIR C1=0,8,3,15,2,10,5,13,4,14,1,9,6,12,7,11 C2=0,9,5,14,7,15,6,13,1,8,2,11,4,12,3,10
