I?Bvvrw}? PAIR C1=0,5,2,8,3,7,4,6,1,9 C2=0,6,2,7,1,5,3,9,4,8
I?`vvrw}? PAIR C1=0,6,4,7,3,8,2,9 C2=0,7,2,6,3,9,4,8
I?`vvrw|? PAIR C1=0,8,2,5,3,6,4,7,1,9 C2=0,4,8,3,7,2,9,5,1,6
I?bvVrw^? PAIR C1=0,5,3,9,1,7,4,6,2,8 C2=0,4,9,5,2,7,3,8,1,6
I?brvrw}? PAIR C1=0,5,2,8,3,6,4,7,1,9 C2=0,7,2,6,1,5,3,9,4,8
I?brvrw|? PAIR C1=0,7,4,6,1,5,2,8,3,9 C2=0,4,8,1,7,3,6,2,9,5
I?brvrwz? PAIR C1=0,7,2,5,1,9,4,8 C2=0,4,7,1,8,2,9,5
I?brvrw^? PAIR C1=0,5,1,9,3,6,4,8,2,7 C2=0,4,9,5,2,6,1,7,3,8
I?brvrwx_ PAIR C1=0,4,8,3,7,2,9,6,1,5 C2=0,7,4,6,3,5,2,8,1,9
I?ovvrs}? PAIR C1=0,6,4,1,9,3,8,2,7 C2=0,4,9,2,6,3,7,1,8
I?ovvrs|? PAIR C1=0,7,4,6,3,5,2,8,1,9 C2=0,4,1,6,2,7,3,9,5,8
I?qvfrwN_ PAIR C1=0,7,4,9,2,5,3,6,1,8 C2=0,4,1,7,3,8,2,6,9,5
I?qvdzw]_ PAIR C1=0,6,1,9,2,5,3,8,4,7 C2=0,4,1,8,2,6,9,3,7,5
I?qvbzwn? PAIR C1=0,8,1,6,3,5,2,7,4,9 C2=0,4,1,7,5,9,3,8,2,6
I?qvbzw^? PAIR C1=0,5,2,7,1,6,3,9,4,8 C2=0,4,1,8,3,7,5,9,2,6
I?qvbzw{_ PAIR C1=0,5,3,6,2,7,4,8,1,9 C2=0,4,1,6,9,2,5,7,3,8
I?qvbzwy_ PAIR C1=0,4,1,6,9,2,8,3,7,5 C2=0,6,3,5,2,7,1,9,4,8
I?qvbzwm_ PAIR C1=0,5,2,9,3,7,4,8,1,6 C2=0,4,1,7,5,3,8,2,6,9
I?qvbzw]_ PAIR C1=0,5,3,7,2,8,4,9,1,6 C2=0,4,1,7,5,2,6,9,3,8
I?qvbzwx_ PAIR C1=0,6,3,5,2,7,4,8,1,9 C2=0,4,1,7,3,8,2,6,9,5
I?qvbzwl_ PAIR C1=0,6,1,8,4,7,2,5,3,9 C2=0,4,1,7,3,8,2,6,9,5
I?qvbzw\_ PAIR C1=0,5,3,9,1,8,4,7,2,6 C2=0,4,1,7,3,6,9,5,2,8
I?qvbzwj_ PAIR C1=0,5,2,8,1,6,3,7,4,9 C2=0,4,1,7,2,6,9,5,3,8
I?qvbzs{_ PAIR C1=0,6,2,5,7,1,9,3,8 C2=0,5,3,7,2,8,1,6,9
I?qvbx{]_ PAIR C1=1,6,3,5,7,4,9,2,8 C2=1,4,8,5,2,6,9,3,7
I?qrvrw{_ PAIR C1=0,7,4,6,2,9,3,8 C2=0,4,8,2,7,3,6,9
I?qrvrwl_ PAIR C1=0,5,3,8,1,6,4,7,2,9 C2=0,4,1,7,3,6,9,5,2,8
I?qrvjw}? PAIR C1=0,5,2,7,3,9,1,6,4,8 C2=0,7,5,3,6,2,8,1,4,9
I?qrvjwz? PAIR C1=0,7,3,5,2,8,1,6,4,9 C2=0,4,1,9,5,7,2,6,3,8
I?qrvjw^? PAIR C1=0,5,3,8,4,6,1,9,2,7 C2=0,4,1,7,5,9,3,6,2,8
I?qrvjw{_ PAIR C1=0,8,4,6,3,5,2,7,1,9 C2=0,4,1,6,9,2,8,3,7,5
I?qrvjwy_ PAIR C1=0,5,2,7,3,6,4,9,1,8 C2=0,4,1,7,5,3,8,2,6,9
I?qrvjwm_ PAIR C1=0,5,3,7,2,8,1,6,4,9 C2=0,4,1,7,5,2,9,6,3,8
I?qrvjw]_ PAIR C1=0,7,2,5,3,6,1,9,4,8 C2=0,4,1,8,2,6,9,3,7,5
I?qrvjwx_ PAIR C1=0,7,1,9,2,5,3,6,4,8 C2=0,4,1,8,3,7,2,6,9,5
I?qrvjw\_ PAIR C1=0,5,2,9,1,7,3,6,4,8 C2=0,4,1,8,3,5,9,6,2,7
I?qrvjwZ_ PAIR C1=0,5,3,8,4,6,1,9,2,7 C2=0,4,1,7,3,6,9,5,2,8
I?qrvjwN_ PAIR C1=0,5,7,3,6,4,9,2,8 C2=0,4,8,3,5,9,6,2,7
I?qrvjs{_ PAIR C1=0,7,2,5,3,8,1,6,9 C2=0,5,7,1,9,3,6,2,8
I?qrvi{m_ PAIR C1=0,7,5,2,6,3,8,4,9 C2=0,4,6,9,3,7,2,8,5
I?qrnrw}? PAIR C1=0,5,2,9,3,6,1,8,4,7 C2=0,4,9,1,7,3,5,6,2,8
I?qrnrw|? PAIR C1=0,5,2,6,1,7,4,8,3,9 C2=0,4,1,8,2,9,5,6,3,7
I?qrnrwn? PAIR C1=0,5,3,9,2,6,1,8,4,7 C2=0,4,1,7,2,8,3,6,5,9
I?qrnrw^? PAIR C1=0,5,2,9,4,8,1,6,3,7 C2=0,4,1,7,2,6,5,9,3,8
I?qrnrwx_ PAIR C1=0,8,4,7,3,5,2,6,1,9 C2=0,4,1,7,2,8,3,6,9,5
I?qrnrwl_ PAIR C1=0,5,3,7,4,8,1,6,2,9 C2=0,4,1,7,2,5,9,6,3,8
I?qrnjw{_ PAIR C1=0,7,3,9,1,6,5,2,8 C2=0,5,3,8,1,7,2,6,9
I?o~frs}? PAIR C1=0,6,1,9,3,7,4,5,2,8 C2=0,4,9,2,6,3,5,8,1,7
I?o~frsz? PAIR C1=0,8,2,7,4,5,3,6,1,9 C2=0,4,1,7,3,8,5,9,2,6
I?o~frs{_ PAIR C1=0,6,3,8,1,9,2,5,4,7 C2=0,4,1,7,3,5,8,2,6,9
I?o~frsy_ PAIR C1=0,8,3,6,1,7,2,5,4,9 C2=0,4,1,9,6,2,8,5,3,7
I?o~frsm_ PAIR C1=0,7,1,8,2,6,3,5,4,9 C2=0,4,1,6,9,3,7,2,5,8
I?o~frsj_ PAIR C1=0,7,1,8,2,6,3,5,4,9 C2=0,4,1,6,9,5,2,7,3,8
I?o~ffw}? PAIR C1=0,7,3,8,2,6,1,4,9 C2=0,4,8,1,7,2,9,3,6
I?rvdrw^? PAIR C1=0,5,3,8,4,7,2,9,1,6 C2=0,7,3,6,2,5,9,4,1,8
I?rvdrw\_ PAIR C1=0,5,1,6,2,9,3,7,4,8 C2=0,4,1,8,3,6,9,5,2,7
I?rvdrwN_ PAIR C1=0,5,2,8,1,6,3,9,4,7 C2=0,4,1,5,9,6,2,7,3,8
I?rvdrw\O PAIR C1=0,6,3,9,1,5,2,7,4,8 C2=0,4,1,6,2,8,3,7,9,5
I?rvdrwZO PAIR C1=0,5,2,9,1,8,4,7 C2=0,4,1,5,9,7,2,8
I?rvdp{y_ PAIR C1=0,6,1,9,2,5,3,8,4,7 C2=0,4,1,5,8,2,7,3,6,9
I?rvdp{m_ PAIR C1=0,5,3,6,1,8,4,7,2,9 C2=0,4,1,5,8,2,6,9,3,7
I?rvdp{]_ PAIR C1=0,5,1,8,4,7,3,9,2,6 C2=0,4,1,9,6,3,8,5,2,7
I?rvdp{{O PAIR C1=0,6,2,5,1,8,4,7,3,9 C2=0,4,1,6,3,5,8,2,9,7
I?rvdp{yO PAIR C1=0,5,3,8,4,7,2,6,1,9 C2=0,4,1,5,8,2,9,7,3,6
I?rvdp{mO PAIR C1=0,5,1,8,4,7,2,9,3,6 C2=0,4,1,6,2,8,5,3,7,9
I?rvdp{wo PAIR C1=0,5,1,9,2,8,4,7,3,6 C2=0,4,1,8,3,5,2,6,9,7
I?rvdpx}? PAIR C1=0,5,1,6,2,9,3,8,4,7 C2=0,6,3,5,2,7,8,1,4,9
I?rvdpx|? PAIR C1=0,5,3,7,4,8,1,9,2,6 C2=0,4,1,6,3,9,5,2,8,7
I?rvdpxn? PAIR C1=0,7,2,5,3,6,1,8,4,9 C2=0,4,1,5,9,3,7,8,2,6
I?rvdpxx_ PAIR C1=0,6,1,9,2,8,4,7 C2=0,4,1,8,7,2,6,9
I?qzvbp|? PAIR C1=0,5,4,6,1,7,2,9,3,8 C2=0,4,1,8,7,3,6,2,5,9
I?qzvbp^? PAIR C1=0,7,2,5,4,9,1,8 C2=0,4,1,7,8,2,9,5
I?zTfrsN_ PAIR C1=0,5,3,6,2,9,4,7,1,8 C2=0,6,9,5,1,4,2,8,3,7
I?zTfpu}? PAIR C1=0,5,3,6,2,8,1,7,4,9 C2=0,6,8,5,1,4,2,9,3,7
I?zTfpuv? PAIR C1=0,6,3,7,2,8,5,1,4,9 C2=0,4,2,6,8,3,5,9,1,7
I?zTfpun? PAIR C1=0,6,2,9,3,5,8,1,4,7 C2=0,4,2,8,6,3,7,1,5,9
I?zTfpu^? PAIR C1=0,4,7,1,5,8,3,9,2,6 C2=0,5,9,1,4,2,8,6,3,7
I?zTfpux_ PAIR C1=0,5,9,2,4,7,1,8,3,6 C2=0,4,1,5,3,7,2,8,6,9
I?zTfput_ PAIR C1=0,4,7,3,9,5,1,8,2,6 C2=0,5,3,8,6,9,1,4,2,7
I?zTfpu\_ PAIR C1=0,5,9,2,7,4,1,8,3,6 C2=0,4,2,8,6,9,3,5,1,7
I?zTfZq\_ PAIR C1=0,4,7,1,5,3,9,2,8,6 C2=0,5,7,2,4,1,9,6,3,8
I?zTbzw|? PAIR C1=0,5,3,7,4,8,1,9 C2=0,4,1,7,5,9,3,8
I?zTbxy\_ PAIR C1=1,8,4,7,5,3,6,2,9 C2=1,4,2,7,3,8,6,9,5
I?zVfa{^? PAIR C1=0,6,3,5,1,7,2,9,4,8 C2=0,4,1,6,2,8,5,9,3,7
I?zVfa{Z_ PAIR C1=0,4,9,1,6,3,7,2,8,5 C2=0,7,1,4,2,6,9,5,3,8
I?zVfa{N_ PAIR C1=0,6,3,7,2,9,4,1,5,8 C2=0,4,2,8,3,5,9,6,1,7
I?zVfa{Yo PAIR C1=0,4,9,2,7,1,6,3,8,5 C2=0,6,9,7,3,5,1,4,2,8
I?zVfa{Uo PAIR C1=0,4,9,1,7,2,6,3,8,5 C2=0,6,9,7,3,5,1,4,2,8
I?zVfa{Ro PAIR C1=1,6,3,5,9,4,8,2,7 C2=1,4,2,6,9,7,3,8,5
I?zTvbwTo PAIR C1=0,6,4,8,1,9,3,7 C2=0,4,1,7,9,6,3,8
I?zTv`{x_ PAIR C1=0,6,4,8,3,5,1,9,2,7 C2=0,4,2,8,1,7,3,6,9,5
I?zTv`{t_ PAIR C1=0,7,2,6,4,1,5,8,3,9 C2=0,4,2,8,1,7,3,6,9,5
I?zTv`{{O PAIR C1=0,6,4,8,2,7,1,5,3,9 C2=0,4,2,6,3,7,9,1,8,5
I?zTv`{tO PAIR C1=0,6,4,2,7,1,5,8,3,9 C2=0,4,1,8,2,6,3,7,9,5
I?zTv`{lO PAIR C1=0,5,8,4,1,7,2,9 C2=0,4,2,8,1,5,9,7
I?zTv`{\O PAIR C1=0,5,8,3,9,1,4,6,2,7 C2=0,4,2,8,1,5,9,7,3,6
I?zTv`y{O PAIR C1=0,7,2,6,4,8,1,9 C2=0,4,1,7,9,2,8,6
I?zTv`ytO PAIR C1=0,7,1,8,4,6,3,9 C2=0,4,1,9,7,3,8,6
I?zTrjw|? PAIR C1=0,4,8,2,6,3,5,7,1,9 C2=0,5,9,2,7,3,8,1,4,6
I?zTrjw{_ PAIR C1=0,5,3,8,4,6,2,7,1,9 C2=0,4,1,5,7,3,6,9,2,8
I?zTrjwt_ PAIR C1=0,5,3,9,1,8,4,6 C2=0,4,1,5,9,6,3,8
I?zTrjw\_ PAIR C1=0,5,7,3,9,2,8,1,4,6 C2=0,4,2,7,1,5,9,6,3,8
I?zTrjwxO PAIR C1=0,5,1,7,3,6,4,8,2,9 C2=0,4,1,8,3,5,9,7,2,6
I?zTrjwtO PAIR C1=0,6,4,1,9,3,5,7,2,8 C2=0,4,2,6,3,8,1,7,9,5
I?zTrjwlO PAIR C1=0,5,7,1,4,8,2,9 C2=0,4,2,7,9,5,1,8
I?zTrjwdo PAIR C1=0,6,4,8,2,7,1,5,9 C2=0,5,7,9,6,2,4,1,8
ICQfvp{}? PAIR C1=0,7,4,1,6,3,8,2,9 C2=0,3,9,4,8,1,7,2,6
ICRdvq{N_ PAIR C1=0,5,8,4,9,3,6,2,7 C2=0,3,7,4,6,9,5,2,8
ICRdrzw}? PAIR C1=0,5,2,8,3,6,4,7,1,9 C2=0,3,9,4,8,1,5,7,2,6
ICRdrzw|? PAIR C1=0,5,2,9,3,8,1,7,4,6 C2=0,3,6,2,7,5,9,1,4,8
ICRdrzwn? PAIR C1=0,8,3,6,4,7,1,5,2,9 C2=0,3,7,5,9,4,1,8,2,6
ICRdrzw{_ PAIR C1=0,5,2,8,4,1,7,3,6,9 C2=0,3,9,2,6,4,7,5,1,8
ICRdrzwy_ PAIR C1=0,5,2,7,4,6,3,8,1,9 C2=0,3,7,5,1,4,9,6,2,8
ICRdrzwm_ PAIR C1=0,8,2,5,1,7,4,6,3,9 C2=0,3,8,1,4,9,6,2,7,5
ICRdrzw]_ PAIR C1=0,6,4,7,1,5,2,9,3,8 C2=0,3,6,9,4,1,8,2,7,5
ICRdrzwx_ PAIR C1=0,8,4,6,3,7,1,5,2,9 C2=0,3,8,1,4,7,2,6,9,5
ICRdrzwt_ PAIR C1=0,6,2,5,1,9,3,7,4,8 C2=0,3,8,2,7,1,4,6,9,5
ICRdrzwl_ PAIR C1=0,5,1,8,4,7,2,9,3,6 C2=0,3,7,1,4,6,9,5,2,8
ICRdrzw\_ PAIR C1=0,6,2,5,1,9,3,7,4,8 C2=0,3,8,2,7,1,4,6,9,5
ICRdrzwr_ PAIR C1=0,8,2,5,1,7,3,6,4,9 C2=0,3,8,1,4,7,2,6,9,5
ICRdrzwj_ PAIR C1=0,5,1,7,2,9,4,6,3,8 C2=0,3,7,4,1,8,2,5,9,6
ICRdrzwf_ PAIR C1=0,5,7,2,6,3,8,4,9 C2=0,3,7,4,6,9,5,2,8
ICRdrzwN_ PAIR C1=0,5,1,7,2,9,4,6,3,8 C2=0,3,7,4,1,8,2,5,9,6
ICRdrzky_ PAIR C1=0,5,7,4,8,1,9,2,6 C2=0,8,5,2,7,1,4,6,9
ICRdrx{]_ PAIR C1=1,7,5,2,6,4,8,3,9 C2=1,4,9,6,3,7,2,8,5
ICRdtt{n? PAIR C1=0,6,4,9,3,8,5,2,7 C2=0,3,6,7,4,8,2,9,5
ICRdrvw}? PAIR C1=0,8,3,7,4,6,2,9 C2=0,3,9,4,8,2,7,6
ICR`~rw}? PAIR C1=0,5,2,7,4,6,3,8,1,9 C2=0,3,9,4,8,2,6,5,1,7
ICR`~rwx_ PAIR C1=0,5,1,9,2,6,4,8,3,7 C2=0,3,6,9,5,2,7,4,1,8
ICR`~rwt_ PAIR C1=0,5,6,4,8,1,7,3,9 C2=0,7,4,1,5,9,6,3,8
ICR`~rw\_ PAIR C1=0,7,3,9,1,5,2,6,4,8 C2=0,3,8,1,4,7,2,9,6,5
ICQvVp{}? PAIR C1=0,5,3,8,1,9,2,7,4,6 C2=0,3,9,4,8,5,2,6,1,7
ICQvVp{z? PAIR C1=0,5,3,7,1,9,2,8,4,6 C2=0,3,8,5,9,4,1,6,2,7
ICQvVp{v? PAIR C1=0,5,3,7,4,8,1,9 C2=0,3,8,5,9,4,1,7
ICQvVp{^? PAIR C1=0,5,2,8,4,6,1,9,3,7 C2=0,3,8,5,9,4,1,7,2,6
ICQvVp{{_ PAIR C1=0,5,3,9,1,8,2,6,4,7 C2=0,3,7,1,4,8,5,2,9,6
ICQvVp{y_ PAIR C1=0,5,3,7,4,8,2,6,1,9 C2=0,3,8,5,2,7,1,4,9,6
ICQvVp{u_ PAIR C1=0,5,3,8,2,6,4,7,1,9 C2=0,3,7,2,5,8,1,4,9,6
ICQvVp{x_ PAIR C1=0,7,1,6,4,8,3,5,2,9 C2=0,3,7,4,1,8,2,6,9,5
ICQvVp{t_ PAIR C1=1,7,4,6,2,8,5,3,9 C2=1,4,8,3,7,2,5,9,6
ICQvVp{\_ PAIR C1=0,6,2,5,8,1,9,3,7 C2=0,3,8,2,7,1,6,9,5
ICQvVp{r_ PAIR C1=0,5,2,7,3,8,1,6,4,9 C2=0,3,5,9,6,2,8,4,1,7
ICQvVp{V_ PAIR C1=0,5,2,7,3,8,1,9,4,6 C2=0,3,5,9,6,2,8,4,1,7
ICQvVT{z? PAIR C1=0,6,2,5,8,4,7,1,9 C2=0,5,9,2,8,1,4,6,7
ICQvRvw}? PAIR C1=0,8,3,7,4,6,2,9 C2=0,3,9,4,8,2,7,6
ICQvRvw|? PAIR C1=0,5,2,7,4,6,1,8,3,9 C2=0,6,2,9,5,3,7,1,4,8
ICQvRvkz? PAIR C1=0,6,2,5,8,4,7,1,9 C2=0,5,9,2,7,6,4,1,8
ICQr^rw}? PAIR C1=0,5,3,8,2,6,4,7,1,9 C2=0,3,9,4,8,1,6,5,2,7
ICQr^rwz? PAIR C1=0,5,3,8,2,9,1,6,4,7 C2=0,3,7,2,6,5,9,4,1,8
ICQr^rwv? PAIR C1=0,7,4,6,2,5,3,8,1,9 C2=0,5,6,1,4,9,3,7,2,8
ICQr^rwx_ PAIR C1=0,5,2,9,1,6,4,8,3,7 C2=0,3,5,9,6,2,7,4,1,8
ICQr^rwt_ PAIR C1=0,8,3,5,2,6,4,7,1,9 C2=0,3,7,2,8,4,1,6,9,5
ICRvfQ{[o PAIR C1=0,3,8,2,7,9,6,1,5 C2=0,7,1,9,3,6,2,5,8
ICRvUp{m_ PAIR C1=0,7,4,6,2,8,1,5,3,9 C2=0,3,7,1,4,8,5,2,9,6
ICRtvRwZ_ PAIR C1=0,6,3,5,1,7,4,9,2,8 C2=0,3,8,1,4,6,9,5,2,7
ICRtvRwV_ PAIR C1=0,7,4,6,3,9,1,5,2,8 C2=0,3,8,4,1,7,2,6,9,5
ICRtvRwNO PAIR C1=0,5,3,6,4,9,2,8,1,7 C2=0,3,8,4,1,5,9,7,2,6
ICRtvRwXo PAIR C1=0,5,9,2,8,1,7,4,6 C2=0,7,9,6,2,5,1,4,8
ICRtvRwTo PAIR C1=0,5,9,1,8,2,7,4,6 C2=0,7,9,6,2,5,1,4,8
ICRtvRwRo PAIR C1=0,5,9,4,6,3,8,2,7 C2=0,3,5,2,6,9,7,4,8
ICRtvRs[o PAIR C1=0,5,8,1,9,3,6,2,7 C2=0,3,8,2,5,1,7,9,6
ICRtvP{}? PAIR C1=0,5,2,9,1,8,3,6,4,7 C2=0,3,9,4,8,5,1,7,2,6
ICRtvP{{_ PAIR C1=0,5,3,8,2,7,4,1,9,6 C2=0,3,9,2,6,4,8,5,1,7
ICRtvP{y_ PAIR C1=0,5,2,7,4,6,3,8,1,9 C2=0,3,5,8,2,6,9,4,1,7
ICRtvP{u_ PAIR C1=0,5,3,9,1,8,2,6,4,7 C2=0,3,8,5,2,7,1,4,9,6
ICRtvP{]_ PAIR C1=0,5,2,8,3,9,1,7,4,6 C2=0,3,5,8,1,4,9,6,2,7
ICRtvP{wo PAIR C1=0,5,3,6,4,7,2,8,1,9 C2=0,3,8,4,1,5,2,6,9,7
ICRtvP{qo PAIR C1=0,7,2,8,5,3,6,4,9 C2=0,3,8,4,7,9,6,2,5
ICRtvP{io PAIR C1=0,7,2,8,5,3,6,4,9 C2=0,3,8,4,7,9,6,2,5
ICRtvPx}? PAIR C1=0,5,3,6,4,7,2,8,1,9 C2=0,3,9,4,8,7,1,5,2,6
ICRtvPx|? PAIR C1=0,5,3,9,1,8,2,7,4,6 C2=0,3,6,2,9,5,1,4,8,7
ICRtvPxv? PAIR C1=0,5,2,7,4,6,3,8,1,9 C2=0,3,5,9,4,1,7,8,2,6
ICRtvPxn? PAIR C1=0,7,4,6,3,5,1,8,2,9 C2=0,3,8,7,1,4,9,5,2,6
ICRtvPxx_ PAIR C1=0,6,3,5,2,8,4,7,1,9 C2=0,3,8,7,2,9,6,4,1,5
ICRtvPxt_ PAIR C1=0,6,3,8,2,5,9,1,7 C2=0,3,9,6,2,7,8,1,5
ICRturwZ_ PAIR C1=0,5,3,8,1,9,4,6 C2=0,3,6,9,5,1,4,8
ICpffX{j_ PAIR C1=0,6,1,7,5,2,8,4,9 C2=0,4,1,8,5,9,6,2,7
ICpfdy{N_ PAIR C1=0,6,3,9,4,7,5,2,8 C2=0,3,7,2,6,9,5,8,4
ICpfdx{n? PAIR C1=0,6,3,7,4,8,1,5,2,9 C2=0,3,8,5,9,4,1,6,2,7
ICpfdx{{_ PAIR C1=0,6,1,5,2,8,4,7,3,9 C2=0,3,8,5,7,2,6,9,1,4
ICpfdx{y_ PAIR C1=0,6,1,5,2,8,3,7,4,9 C2=0,3,6,9,2,7,5,8,1,4
ICpfdx{u_ PAIR C1=0,6,3,8,2,5,1,9,4,7 C2=0,3,9,6,2,7,5,8,1,4
ICpfdx{m_ PAIR C1=0,6,1,5,2,8,3,7,4,9 C2=0,3,6,9,2,7,5,8,1,4
ICpfdx{]_ PAIR C1=0,6,1,5,2,8,3,9,4,7 C2=0,3,6,9,2,7,5,8,1,4
ICpfdx{x_ PAIR C1=0,6,2,5,7,4,8,1,9 C2=0,4,1,6,9,5,8,2,7
ICpfdx{t_ PAIR C1=0,7,4,8,1,5,2,6,3,9 C2=0,3,7,2,8,5,9,6,1,4
ICpfdx{\_ PAIR C1=0,6,2,5,1,9,3,8,4,7 C2=0,3,7,2,8,5,9,6,1,4
ICpfdx{r_ PAIR C1=0,6,3,8,2,5,7,4,9 C2=0,3,7,2,6,9,5,8,4
ICpfdx{j_ PAIR C1=0,6,3,8,2,5,7,4,9 C2=0,3,7,2,6,9,5,8,4
ICpfdx{V_ PAIR C1=0,6,2,5,1,8,3,9,4,7 C2=0,3,7,2,8,5,9,6,1,4
ICpfbx{m_ PAIR C1=0,6,1,5,2,7,4,8,3,9 C2=0,3,6,9,2,8,5,7,1,4
ICpfbx{N_ PAIR C1=1,6,2,5,7,4,9,3,8 C2=1,4,8,2,7,3,6,9,5
ICpfdt{}? PAIR C1=0,4,8,1,9,3,7,2,6 C2=0,3,8,2,9,4,1,6,7
ICpf`~w^? PAIR C1=0,6,1,5,2,7,4,9,3,8 C2=0,3,6,7,5,9,2,8,1,4
ICpdrzs}? PAIR C1=0,6,4,7,1,5,2,9,3,8 C2=0,3,6,2,7,5,8,1,9,4
ICpdrzs|? PAIR C1=0,6,4,1,9,3,7,5,2,8 C2=0,3,6,2,9,5,8,1,7,4
ICpdrzsn? PAIR C1=0,6,4,1,5,7,3,8,2,9 C2=0,3,6,2,7,1,8,5,9,4
ICpdrzs{_ PAIR C1=0,8,3,6,4,7,1,5,2,9 C2=0,3,7,5,8,2,6,9,1,4
ICpdrzsy_ PAIR C1=0,6,4,9,1,5,2,7,3,8 C2=0,3,6,9,2,8,5,7,1,4
ICpdrzsm_ PAIR C1=0,6,2,5,1,8,3,7,4,9 C2=0,3,6,9,2,8,5,7,1,4
ICpdrzs]_ PAIR C1=0,6,4,9,3,7,2,5,1,8 C2=0,3,6,9,2,8,5,7,1,4
ICpdrzst_ PAIR C1=0,6,4,7,5,1,8,3,9 C2=0,4,1,7,3,6,9,5,8
ICpdrzsr_ PAIR C1=0,6,4,9,1,5,7,3,8 C2=0,3,6,9,5,8,1,7,4
ICpdrzsj_ PAIR C1=0,8,3,7,5,2,6,4,9 C2=0,3,6,9,5,8,2,7,4
ICpdrzsf_ PAIR C1=0,6,9,4,1,5,7,3,8 C2=0,3,6,4,7,1,8,5,9
ICpdrzsV_ PAIR C1=0,6,4,9,1,5,7,3,8 C2=0,3,6,9,5,8,1,7,4
ICpdrzsN_ PAIR C1=0,6,4,9,2,5,7,3,8 C2=0,3,6,9,5,8,2,7,4
ICpdrvs}? PAIR C1=0,4,6,3,8,2,7,1,9 C2=0,3,7,6,2,9,4,1,8
ICpdrnw}? PAIR C1=1,4,8,2,9,3,6,7 C2=1,8,3,7,2,6,4,9
ICpdrnw^? PAIR C1=0,6,4,9,1,5,2,7,3,8 C2=0,3,6,7,5,9,2,8,1,4
ICpbvjsl_ PAIR C1=0,7,1,6,3,8,5,2,9 C2=0,3,7,2,6,9,5,1,8
ICpbvi{|? PAIR C1=0,8,3,7,5,2,6,4,1,9 C2=0,3,6,1,7,2,9,5,8,4
ICpbvi{z? PAIR C1=0,7,5,2,9,1,4,6,3,8 C2=0,3,7,1,6,2,8,5,9,4
ICpbvi{{_ PAIR C1=0,8,4,6,3,7,1,5,2,9 C2=0,3,8,5,7,2,6,9,1,4
ICpbvi{y_ PAIR C1=0,7,3,8,4,6,2,5,1,9 C2=0,3,6,9,2,8,5,7,1,4
ICpbvi{u_ PAIR C1=0,8,3,7,2,5,1,6,4,9 C2=0,3,9,6,2,8,5,7,1,4
ICpbvi{m_ PAIR C1=0,7,1,5,2,6,4,8,3,9 C2=0,3,7,5,8,2,9,6,1,4
ICpbvi{]_ PAIR C1=0,7,3,9,1,5,2,6,4,8 C2=0,3,6,9,2,8,5,7,1,4
ICpbvi{t_ PAIR C1=0,8,4,6,2,5,7,1,9 C2=0,4,1,6,9,5,8,2,7
ICpbvi{r_ PAIR C1=0,8,3,7,5,1,6,4,9 C2=0,3,6,9,5,8,4,1,7
ICpbvh{N_ PAIR C1=1,5,7,2,6,3,9,4,8 C2=1,4,6,9,5,2,8,3,7
ICpdnrw]_ PAIR C1=0,6,2,9,3,7,4,8 C2=0,4,9,6,3,8,2,7
ICpdnp{|? PAIR C1=0,6,5,2,9,3,8,1,4,7 C2=0,3,6,2,7,1,9,5,8,4
ICpdnp{{_ PAIR C1=0,6,2,5,1,8,4,7,3,9 C2=0,3,8,5,6,9,2,7,1,4
ICpdnp{y_ PAIR C1=0,6,3,8,2,5,1,9,4,7 C2=0,3,7,2,9,6,5,8,1,4
ICpdnp{m_ PAIR C1=0,6,2,5,1,7,4,8,3,9 C2=0,3,7,2,9,6,5,8,1,4
ICpdnp{]_ PAIR C1=0,6,2,5,1,9,3,8,4,7 C2=0,3,7,2,9,6,5,8,1,4
ICpdnp{t_ PAIR C1=0,6,2,5,1,8,4,7,3,9 C2=0,3,6,9,5,8,2,7,1,4
ICpdnp{l_ PAIR C1=0,6,2,5,1,8,4,7,3,9 C2=0,3,6,9,5,8,2,7,1,4
ICpdnp{r_ PAIR C1=0,6,5,1,8,3,7,4,9 C2=0,3,6,9,5,8,4,1,7
ICpdnX{y_ PAIR C1=0,6,5,1,9,2,8,4,7 C2=0,4,1,8,5,7,2,6,9
ICpdlt{n? PAIR C1=0,6,5,2,7,4,8,3,9 C2=0,3,7,6,2,8,5,9,4
ICrbfo}}? PAIR C1=0,5,2,9,1,6,3,8,4,7 C2=0,3,7,2,6,8,5,1,4,9
ICrbfo}|? PAIR C1=0,5,1,7,4,8,2,6,3,9 C2=0,3,7,2,9,5,8,6,1,4
ICrbfo}z? PAIR C1=0,7,4,8,3,6,1,5,2,9 C2=0,3,7,2,6,8,5,9,1,4
ICrbfo}v? PAIR C1=0,7,3,6,1,5,2,8,4,9 C2=0,3,9,5,8,6,2,7,1,4
ICrbfo}n? PAIR C1=0,5,1,6,3,7,4,8,2,9 C2=0,3,9,5,8,6,2,7,1,4
ICrbfo}^? PAIR C1=0,5,2,9,1,6,3,8,4,7 C2=0,3,9,5,8,6,2,7,1,4
ICrbfo}{_ PAIR C1=0,3,7,2,9,6,8,5,1,4 C2=0,5,2,6,1,9,3,8,4,7
ICrbfo}y_ PAIR C1=0,3,7,2,9,6,8,5,1,4 C2=0,5,2,8,3,6,1,9,4,7
ICrbfo}m_ PAIR C1=0,5,2,8,4,9,3,6,1,7 C2=0,3,7,2,9,6,8,5,1,4
ICrbfo}x_ PAIR C1=0,5,1,6,3,7,4,8,2,9 C2=0,3,8,6,9,5,2,7,1,4
ICrbfo}t_ PAIR C1=0,3,7,2,8,6,9,5,1,4 C2=0,5,2,6,1,9,3,8,4,7
ICrbdxy|? PAIR C1=0,7,4,8,1,5,2,6,3,9 C2=0,3,7,5,9,2,8,6,1,4
ICrbdxyn? PAIR C1=0,5,1,6,3,8,2,9,4,7 C2=0,3,9,5,7,2,6,8,1,4
ICrbdxy^? PAIR C1=0,5,2,9,1,6,3,8,4,7 C2=0,3,9,5,7,2,6,8,1,4
ICrbdxyy_ PAIR C1=0,5,1,6,3,8,2,7,4,9 C2=0,3,7,5,2,9,6,8,1,4
ICrbdxym_ PAIR C1=0,3,8,2,6,1,5,7,4,9 C2=0,4,1,8,6,9,3,7,2,5
ICrbdxyx_ PAIR C1=0,5,2,9,1,6,3,8,4,7 C2=0,3,7,2,8,6,9,5,1,4
ICrbdxyt_ PAIR C1=0,5,2,6,1,9,3,8,4,7 C2=0,3,7,2,8,6,9,5,1,4
ICrbby{}? PAIR C1=0,5,1,9,3,7,4,8 C2=0,3,8,5,7,1,4,9
ICrbfT{j_ PAIR C1=0,7,1,6,2,5,8,4,9 C2=0,4,1,8,2,7,6,9,5
ICrbdu{N_ PAIR C1=0,5,8,3,6,2,9,4,7 C2=0,3,7,6,9,5,2,8,4
ICrbdt{v? PAIR C1=0,7,6,3,8,2,5,1,4,9 C2=0,3,9,5,8,1,6,2,7,4
ICrbdt{n? PAIR C1=1,5,2,9,4,8,3,7,6 C2=1,4,7,2,6,3,9,5,8
ICrbdt{^? PAIR C1=1,5,2,9,4,8,3,7,6 C2=1,4,7,2,6,3,9,5,8
ICrbdt{y_ PAIR C1=0,5,1,6,3,8,2,7,4,9 C2=0,3,7,6,9,2,5,8,1,4
ICrbdt{m_ PAIR C1=0,5,1,6,2,8,3,7,4,9 C2=0,3,9,6,7,2,5,8,1,4
ICrbdt{x_ PAIR C1=0,5,2,6,3,7,4,8,1,9 C2=0,3,8,2,7,6,9,5,1,4
ICrbdt{t_ PAIR C1=0,5,2,6,1,8,4,7,3,9 C2=0,3,8,2,7,6,9,5,1,4
ICrfbq{Z_ PAIR C1=0,6,3,7,4,9,1,5,2,8 C2=0,3,8,5,9,6,2,7,1,4
ICrfbq{V_ PAIR C1=0,5,2,8,4,7,3,9,1,6 C2=0,3,8,5,9,6,2,7,1,4
ICrfbq{N_ PAIR C1=0,6,1,5,2,9,3,7,4,8 C2=0,3,8,5,9,6,2,7,1,4
ICrfbq{\O PAIR C1=0,5,2,7,4,8,3,9,1,6 C2=0,3,6,2,8,5,9,7,1,4
ICrfbq{ZO PAIR C1=0,6,3,7,1,5,2,9,4,8 C2=0,3,8,5,9,7,2,6,1,4
ICrfbq{[o PAIR C1=0,5,1,9,2,8,4,7,3,6 C2=0,3,8,5,2,6,9,7,1,4
ICrfbq{Yo PAIR C1=0,5,1,6,3,7,4,9,2,8 C2=0,3,8,5,2,6,9,7,1,4
ICrfbp{n? PAIR C1=0,5,1,8,4,7,2,9,3,6 C2=0,3,7,1,6,2,8,5,9,4
ICrfbp{m_ PAIR C1=0,6,3,8,4,7,1,5,2,9 C2=0,3,7,2,6,9,4,1,8,5
ICrfbp{l_ PAIR C1=0,6,3,8,4,7,1,5,2,9 C2=0,3,7,2,6,9,5,8,1,4
ICrfbp{j_ PAIR C1=0,5,2,8,1,6,3,7,4,9 C2=0,3,8,5,9,6,2,7,1,4
ICrfbp{f_ PAIR C1=0,5,1,8,4,9,3,6 C2=0,3,8,5,9,6,1,4
ICrfbp{N_ PAIR C1=0,5,1,8,4,9,3,6 C2=0,3,8,5,9,6,1,4
ICrfbp{lO PAIR C1=0,6,1,5,2,7,4,8,3,9 C2=0,3,6,2,8,5,9,7,1,4
ICrfbp{ko PAIR C1=0,5,1,6,3,7,4,8,2,9 C2=0,3,8,5,2,6,9,7,1,4
ICrfbqu\O PAIR C1=0,6,2,5,9,1,7,3,8 C2=0,3,9,7,2,8,6,1,5
ICrdrq{Lo PAIR C1=0,5,9,2,8,3,7,4,6 C2=0,3,6,9,7,2,5,8,4
ICrdrp{l_ PAIR C1=0,6,3,7,4,8,1,5,2,9 C2=0,3,8,5,9,6,2,7,1,4
ICrdrp{\_ PAIR C1=0,5,2,9,1,8,3,7,4,6 C2=0,3,6,9,5,8,2,7,1,4
ICrdrp{tO PAIR C1=0,6,4,7,1,5,2,8,3,9 C2=0,3,6,2,7,9,5,8,1,4
ICrdrp{lO PAIR C1=0,6,4,8,3,7,1,5,2,9 C2=0,3,6,2,7,9,5,8,1,4
ICrdrp{wo PAIR C1=0,5,1,9,2,8,4,7,3,6 C2=0,3,8,5,2,6,9,7,1,4
ICrdrp{so PAIR C1=0,5,1,8,2,7,4,6,3,9 C2=0,3,8,5,2,6,9,7,1,4
ICrdrp{po PAIR C1=0,3,8,2,6,4,7,9,5 C2=0,4,8,5,2,7,3,6,9
ICrdrp{ho PAIR C1=0,6,4,7,3,8,1,5,9 C2=0,3,6,9,7,1,4,8,5
ICrdrquNO PAIR C1=0,4,7,3,6,2,9,5,8 C2=0,3,8,6,4,9,7,2,5
ICrdrpu|? PAIR C1=0,5,2,8,1,9,3,7,4,6 C2=0,3,6,8,5,9,2,7,1,4
ICrdrpuyO PAIR C1=0,5,1,8,3,7,2,6,4,9 C2=0,3,6,8,5,2,9,7,1,4
ICrdrpumO PAIR C1=0,5,1,8,2,7,3,9,4,6 C2=0,3,6,8,5,2,9,7,1,4
ICrdrpu]O PAIR C1=0,5,1,9,3,8,2,7,4,6 C2=0,3,6,8,5,2,9,7,1,4
ICrdrputO PAIR C1=0,5,2,8,1,7,4,6,3,9 C2=0,3,8,6,2,7,9,5,1,4
ICrdrpurO PAIR C1=0,3,8,6,2,7,9,5,1,4 C2=0,5,2,8,1,9,4,7,3,6
ICrdrpx{_ PAIR C1=0,6,4,7,3,8,2,9 C2=0,3,9,6,2,7,8,4
ICrdrptn? PAIR C1=0,3,6,2,9,5,8,7,1,4 C2=0,5,1,8,2,7,3,9,4,6
ICrdrpt^? PAIR C1=0,5,2,9,3,8,1,7,4,6 C2=0,3,6,2,7,8,5,9,1,4
ICrdrptm_ PAIR C1=0,5,1,8,2,7,3,6,4,9 C2=0,3,9,6,2,5,8,7,1,4
ICrdrpt]_ PAIR C1=0,5,1,9,3,8,2,7,4,6 C2=0,3,6,9,2,5,8,7,1,4
ICrdrptt_ PAIR C1=0,5,2,8,1,7,4,6,3,9 C2=0,3,8,7,2,6,9,5,1,4
ICrdrptl_ PAIR C1=0,5,2,8,1,7,4,6,3,9 C2=0,3,8,7,2,6,9,5,1,4
ICrdrptr_ PAIR C1=0,3,8,7,2,6,9,5,1,4 C2=0,5,2,8,1,9,4,7,3,6
ICrdrptj_ PAIR C1=0,5,2,8,1,7,3,6,4,9 C2=0,3,8,7,2,6,9,5,1,4
ICrdrptf_ PAIR C1=0,5,2,8,1,7,4,6,3,9 C2=0,3,8,7,2,6,9,5,1,4
ICrdrjw^? PAIR C1=0,5,1,9,2,7,3,8,4,6 C2=0,3,6,2,8,1,7,5,9,4
ICrdrjw\_ PAIR C1=0,5,1,9,2,7,3,6,4,8 C2=0,3,8,2,6,9,5,7,1,4
ICrdrjwZ_ PAIR C1=0,5,2,7,3,6,4,9,1,8 C2=0,3,8,2,6,9,5,7,1,4
ICrdrjw]O PAIR C1=0,5,2,9,1,7,3,8,4,6 C2=0,3,6,2,8,1,5,7,9,4
ICrdrjw\O PAIR C1=0,4,8,1,9,2,5,7,3,6 C2=0,3,8,2,6,4,1,7,9,5
ICrdrjwNO PAIR C1=0,4,9,3,7,5,1,8 C2=0,3,8,4,1,7,9,5
ICrdrjwYo PAIR C1=0,3,8,2,6,9,7,5,1,4 C2=0,5,2,9,4,8,1,7,3,6
ICrdrjwTo PAIR C1=0,3,8,2,6,9,7,5,1,4 C2=0,5,2,7,3,9,1,8,4,6
ICrdrjwLo PAIR C1=0,3,8,2,6,9,7,5,1,4 C2=0,5,2,9,3,7,1,8,4,6
ICrdrjwRo PAIR C1=0,5,9,4,6,2,7,3,8 C2=0,3,6,9,7,5,2,8,4
ICrdrjwJo PAIR C1=0,3,8,2,6,9,7,5,1,4 C2=0,5,2,9,4,8,1,7,3,6
ICrdrjwFo PAIR C1=0,3,8,2,6,9,7,5,1,4 C2=0,5,2,7,1,8,4,9,3,6
ICrbrrkho PAIR C1=0,8,1,6,4,7,2,5,9 C2=0,4,1,7,9,6,2,8,5
ICrbrquz? PAIR C1=0,5,1,7,4,6,3,8,2,9 C2=0,3,7,2,6,8,5,9,1,4
ICrbrquyO PAIR C1=0,5,1,9,4,6,2,7,3,8 C2=0,3,6,8,5,2,9,7,1,4
ICrbrqumO PAIR C1=0,5,1,6,4,7,2,8,3,9 C2=0,3,6,8,5,2,9,7,1,4
ICrbrqu]O PAIR C1=0,5,1,9,3,7,4,6,2,8 C2=0,3,6,8,5,2,9,7,1,4
ICrbrqutO PAIR C1=0,5,2,6,4,7,1,9,3,8 C2=0,3,6,8,2,7,9,5,1,4
ICrbrqulO PAIR C1=0,8,5,1,7,4,6,2,9 C2=0,4,1,6,8,2,7,9,5
ICrbrqurO PAIR C1=0,8,5,2,6,4,7,1,9 C2=0,4,1,6,8,2,7,9,5
ICpvbquxO PAIR C1=0,6,1,9,5,3,7,2,8 C2=0,3,8,6,2,5,1,7,9
ICpvVa{Z_ PAIR C1=0,7,3,5,1,6,4,9,2,8 C2=0,3,8,5,9,6,2,7,1,4
ICpvVa{V_ PAIR C1=0,6,1,9,4,8,2,5,3,7 C2=0,3,8,5,9,6,2,7,1,4
ICpvVa{ZO PAIR C1=0,6,4,9,2,7,1,5,3,8 C2=0,3,7,9,5,8,2,6,1,4
ICpvVa{VO PAIR C1=0,6,4,9,1,7,2,5,3,8 C2=0,3,7,9,5,8,2,6,1,4
ICpvVa{NO PAIR C1=0,6,4,9,2,7,1,5,3,8 C2=0,3,7,9,5,8,2,6,1,4
ICpvVa{[o PAIR C1=0,7,2,5,3,9,1,6,4,8 C2=0,3,7,9,6,2,8,5,1,4
ICpvVa{Uo PAIR C1=0,4,9,3,5,8,2,7,1,6 C2=0,3,8,4,1,5,2,6,9,7
ICpvVa{Xo PAIR C1=0,6,4,8,2,9,1,5,3,7 C2=0,3,8,5,2,6,9,7,1,4
ICpvVa{To PAIR C1=0,7,1,9,5,2,6,4,8 C2=0,4,1,5,8,2,7,9,6
ICpvVa{Jo PAIR C1=0,6,4,9,5,3,8,2,7 C2=0,3,7,9,6,2,5,8,4
ICpvV`{n? PAIR C1=0,6,2,9,4,8,1,5,3,7 C2=0,3,9,5,8,2,7,1,6,4
ICpvV`{j_ PAIR C1=0,7,1,6,4,8,3,5,2,9 C2=0,3,7,2,6,9,5,8,1,4
ICpvV`{f_ PAIR C1=0,7,1,6,4,8,2,5,3,9 C2=0,3,7,2,6,9,5,8,1,4
ICpvV`{mO PAIR C1=0,6,4,8,1,5,3,7,2,9 C2=0,3,8,5,2,6,1,7,9,4
ICpvV`{jO PAIR C1=0,7,1,5,3,8,4,9 C2=0,3,7,9,5,8,1,4
ICpvV`{ko PAIR C1=0,6,4,8,1,7,2,5,3,9 C2=0,3,7,9,6,2,8,5,1,4
ICpvV`{eo PAIR C1=0,6,1,5,3,9,4,8,2,7 C2=0,3,7,9,6,2,5,8,1,4
ICpvV`{Mo PAIR C1=0,6,4,9,3,8,1,5,2,7 C2=0,3,5,8,2,6,9,7,1,4
ICpvV`{ho PAIR C1=0,6,4,8,3,7,1,5,2,9 C2=0,3,5,8,2,7,9,6,1,4
ICpvV`{do PAIR C1=0,7,2,8,4,6,1,5,3,9 C2=0,3,7,9,6,2,5,8,1,4
ICpvV`{Fo PAIR C1=0,6,4,9,5,3,8,2,7 C2=0,3,7,9,6,2,5,8,4
ICpvVay]O PAIR C1=0,6,4,8,2,9,3,7 C2=0,3,8,6,2,7,9,4
ICpvV`mjO PAIR C1=0,6,4,8,5,1,7,2,9 C2=0,4,1,8,6,2,5,9,7
ICpvV_}n? PAIR C1=0,7,3,8,2,5,1,6,4,9 C2=0,3,9,5,8,6,2,7,1,4
ICpvV_}^? PAIR C1=0,6,4,8,2,9,1,5,3,7 C2=0,3,9,5,8,6,2,7,1,4
ICpvV_}{O PAIR C1=0,3,7,2,6,4,8,5,1,9 C2=0,4,1,6,8,3,5,2,9,7
ICpvV_}yO PAIR C1=0,3,7,9,2,6,8,5,1,4 C2=0,6,1,9,4,8,3,5,2,7
ICpvV_}uO PAIR C1=0,3,9,7,2,6,8,5,1,4 C2=0,6,1,9,4,8,2,5,3,7
ICpvV_}]O PAIR C1=0,6,4,8,3,9,2,5,1,7 C2=0,3,5,8,6,2,7,9,1,4
ICpvV_}tO PAIR C1=0,7,1,6,4,8,2,5,3,9 C2=0,3,8,6,2,7,9,5,1,4
ICpvV_}\O PAIR C1=0,6,4,8,2,5,3,9,1,7 C2=0,3,8,6,2,7,9,5,1,4
ICpvV_}jO PAIR C1=0,6,1,7,3,5,2,8,4,9 C2=0,3,8,6,2,7,9,5,1,4
ICpvV_}VO PAIR C1=0,6,4,8,2,5,3,9,1,7 C2=0,3,8,6,2,7,9,5,1,4
ICpvVax]_ PAIR C1=0,6,4,8,2,9,3,7 C2=0,3,8,7,2,6,9,4
ICpvTrs^? PAIR C1=0,6,4,7,3,9,1,5,2,8 C2=0,3,8,5,9,4,1,6,2,7
ICpvTrs\_ PAIR C1=0,7,4,6,1,5,2,9,3,8 C2=0,3,7,2,6,9,5,8,1,4
ICpvTrsV_ PAIR C1=0,6,4,9,3,5,1,8 C2=0,3,8,5,9,6,1,4
ICpvTrsN_ PAIR C1=0,6,2,5,1,8,3,9,4,7 C2=0,3,7,2,8,5,9,6,1,4
ICpvTrs\O PAIR C1=0,6,4,7,3,5,1,9,2,8 C2=0,3,8,5,9,7,2,6,1,4
ICpvTrsZO PAIR C1=0,6,4,9,2,8,1,5,3,7 C2=0,3,8,5,9,7,2,6,1,4
ICpvTrsVO PAIR C1=0,6,4,9,1,8,2,5,3,7 C2=0,3,8,5,9,7,2,6,1,4
ICpvTrs[o PAIR C1=0,6,4,7,2,5,3,9,1,8 C2=0,3,7,9,6,2,8,5,1,4
ICpvTrsUo PAIR C1=0,7,2,5,3,9,4,6,1,8 C2=0,3,7,9,6,2,8,5,1,4
ICpvTrsMo PAIR C1=0,7,2,5,3,9,4,6,1,8 C2=0,3,7,9,6,2,8,5,1,4
ICpvTrsJo PAIR C1=0,6,4,9,5,2,7,3,8 C2=0,3,5,8,2,6,9,7,4
ICpvTrsFo PAIR C1=0,6,4,9,5,2,7,3,8 C2=0,3,5,8,2,6,9,7,4
ICpvTr[To PAIR C1=0,6,4,7,3,9,5,1,8 C2=0,3,5,8,4,1,6,9,7
ICpvTrUVO PAIR C1=0,6,1,8,5,3,9,4,7 C2=0,3,7,9,5,1,4,6,8
ICpvRrkho PAIR C1=0,4,1,5,8,2,7,9,6 C2=0,8,4,7,1,6,2,5,9
ICpvRr[do PAIR C1=0,6,4,7,1,8,3,5,9 C2=0,3,7,9,6,1,5,8,4
ICpvRq{|? PAIR C1=0,8,3,5,2,6,4,7,1,9 C2=0,3,7,2,9,5,8,4,1,6
ICpvRq{x_ PAIR C1=0,8,3,5,1,7,4,6,2,9 C2=0,3,7,2,8,5,9,6,1,4
ICpvRq{t_ PAIR C1=0,6,2,5,1,7,4,8,3,9 C2=0,3,7,2,8,5,9,6,1,4
ICpvRq{l_ PAIR C1=0,6,2,5,1,7,4,8,3,9 C2=0,3,7,2,8,5,9,6,1,4
ICpvRq{\_ PAIR C1=0,6,4,7,1,9,2,5,3,8 C2=0,3,7,2,8,5,9,6,1,4
ICpvRq{{O PAIR C1=0,6,4,7,1,5,3,8,2,9 C2=0,3,7,9,1,6,2,5,8,4
ICpvRq{xO PAIR C1=0,6,4,7,2,9,1,5,3,8 C2=0,3,7,9,5,8,2,6,1,4
ICpvRq{lO PAIR C1=0,6,4,8,3,5,1,7,2,9 C2=0,3,7,9,5,8,2,6,1,4
ICpvRq{ko PAIR C1=0,6,2,5,1,7,4,8,3,9 C2=0,3,5,8,2,7,9,6,1,4
ICprnQ{y_ PAIR C1=0,3,8,5,6,9,2,7,1,4 C2=0,7,4,9,1,5,3,6,2,8
ICprnQ{u_ PAIR C1=0,3,9,6,5,8,2,7,1,4 C2=0,7,4,9,1,5,2,6,3,8
ICprnQ{{O PAIR C1=0,8,4,7,1,5,3,6,2,9 C2=0,3,9,7,2,8,5,6,1,4
ICprnQ{yO PAIR C1=0,7,4,8,3,5,1,6,2,9 C2=0,3,6,5,8,2,7,9,1,4
ICprnQ{mO PAIR C1=0,8,4,7,1,5,3,6,2,9 C2=0,3,9,7,2,8,5,6,1,4
ICprnQ{]O PAIR C1=0,7,1,6,2,5,3,9,4,8 C2=0,3,6,5,8,2,7,9,1,4
ICprnQ{[o PAIR C1=0,4,7,1,9,2,5,6,3,8 C2=0,3,5,1,4,8,2,6,9,7
ICprnQ{qo PAIR C1=0,7,1,6,2,5,3,8,4,9 C2=0,3,6,9,7,2,8,5,1,4
ICprnQ{io PAIR C1=0,8,3,5,2,6,1,7,4,9 C2=0,3,6,9,7,2,8,5,1,4
ICprnQu{O PAIR C1=0,7,2,9,1,5,6,3,8 C2=0,3,5,2,8,6,1,7,9
ICprnO}]O PAIR C1=1,4,7,9,3,8,6,2,5 C2=1,6,3,5,8,4,9,2,7
ICprnRhj_ PAIR C1=0,7,1,6,5,2,8,4,9 C2=0,4,1,5,9,6,2,7,8
ICprnQx}? PAIR C1=0,7,4,8,2,5,3,6,1,9 C2=0,3,9,4,1,5,6,2,7,8
ICprnQx|? PAIR C1=0,7,4,8,2,6,3,5,1,9 C2=0,3,8,7,2,9,5,6,1,4
ICprnQxt_ PAIR C1=0,7,4,8,2,5,3,6,1,9 C2=0,3,8,7,2,6,9,5,1,4
ICprnQx\_ PAIR C1=0,4,7,2,6,5,1,9,3,8 C2=0,3,6,9,5,2,8,4,1,7
ICprnQxj_ PAIR C1=0,7,1,6,5,3,8,4,9 C2=0,3,6,9,5,1,4,7,8
ICqjfrs^? PAIR C1=0,5,4,7,3,9,1,8 C2=0,3,8,5,9,4,1,7
ICqjfd{}? PAIR C1=0,5,4,8,1,6,3,9,2,7 C2=0,3,8,5,2,6,7,1,9,4
ICqjfd{z? PAIR C1=0,7,2,5,4,8,3,6,1,9 C2=0,3,7,6,2,9,5,8,1,4
ICqjfd{v? PAIR C1=0,3,9,5,8,2,7,6,1,4 C2=0,5,2,6,3,8,4,9,1,7
ICqjfd{^? PAIR C1=0,5,2,8,4,9,3,6,1,7 C2=0,3,7,6,2,9,5,8,1,4
ICqjfd{m_ PAIR C1=0,5,4,8,2,7,1,6,3,9 C2=0,3,7,6,9,2,5,8,1,4
ICqjfd{Z_ PAIR C1=0,5,8,4,9,2,6,3,7 C2=0,3,8,2,7,6,9,5,4
ICqjfd{f_ PAIR C1=0,7,1,6,2,5,8,4,9 C2=0,4,1,8,2,7,6,9,5
ICqjfd{V_ PAIR C1=0,5,4,8,1,9,3,6,2,7 C2=0,3,8,2,5,9,6,7,1,4
ICqjfdy}? PAIR C1=0,3,6,2,9,4,8,1,7 C2=0,4,1,6,8,2,7,3,9
ICqjfT{x_ PAIR C1=0,5,8,4,7,1,6,2,9 C2=0,4,1,8,2,5,9,6,7
ICqnbrsV_ PAIR C1=1,7,2,5,4,9,6,3,8 C2=1,4,7,3,9,5,8,2,6
ICqnbrsN_ PAIR C1=0,5,4,7,1,8,3,9,2,6 C2=0,3,7,2,8,5,9,6,1,4
ICqnbrs]O PAIR C1=0,6,3,7,9,1,4,5,2,8 C2=0,3,9,4,7,2,6,1,8,5
ICqnbrs\O PAIR C1=0,5,4,7,2,9,1,8,3,6 C2=0,3,7,9,5,8,2,6,1,4
ICqnbrsZO PAIR C1=0,6,1,9,4,5,2,7,3,8 C2=0,3,6,2,8,5,9,7,1,4
ICqnbrsVO PAIR C1=0,6,3,9,4,5,2,7,1,8 C2=0,3,7,9,5,8,2,6,1,4
ICqnbrs[o PAIR C1=0,5,4,7,1,9,2,8,3,6 C2=0,3,7,9,6,2,5,8,1,4
ICqnbrsYo PAIR C1=0,5,4,9,1,8,2,7,3,6 C2=0,3,8,5,2,6,9,7,1,4
ICqnbrsUo PAIR C1=0,5,4,9,1,8,2,7,3,6 C2=0,3,8,5,2,6,9,7,1,4
ICqnbrsMo PAIR C1=0,5,4,9,3,7,2,8,1,6 C2=0,3,8,5,2,6,9,7,1,4
ICqnbrsXo PAIR C1=0,6,2,9,5,4,7,1,8 C2=0,4,1,6,9,7,2,8,5
ICqnbrsFo PAIR C1=0,6,9,4,5,2,7,3,8 C2=0,3,6,2,8,5,9,7,4
ICqnbr[To PAIR C1=0,6,3,9,5,4,7,1,8 C2=0,3,7,9,6,1,4,8,5
ICqnbrq]O PAIR C1=0,6,2,7,1,4,9,3,8 C2=0,3,6,1,8,2,9,7,4
ICqnbquNO PAIR C1=0,6,3,7,4,9,2,5,8 C2=0,3,8,6,2,7,9,5,4
ICqnbpu|? PAIR C1=0,3,7,2,9,5,8,6,1,4 C2=0,5,4,7,1,9,3,8,2,6
ICqnbpuz? PAIR C1=0,5,2,6,3,8,1,7,4,9 C2=0,3,7,2,9,5,8,6,1,4
ICqnbpu{O PAIR C1=0,5,4,7,2,8,3,9,1,6 C2=0,3,6,8,5,2,9,7,1,4
ICqnbpuyO PAIR C1=0,3,7,9,2,5,8,6,1,4 C2=0,5,4,9,1,7,2,8,3,6
ICqnbpuuO PAIR C1=0,3,9,7,2,5,8,6,1,4 C2=0,5,4,9,1,7,3,8,2,6
ICqnbpurO PAIR C1=0,4,7,3,6,1,8,2,5,9 C2=0,3,8,6,2,7,9,1,4,5
ICqnbpujO PAIR C1=0,5,8,2,9,4,7,3,6 C2=0,3,8,6,2,7,9,5,4
ICXfez[f_ PAIR C1=0,8,3,6,1,5,7,4,9 C2=0,3,7,1,4,8,5,9,6
ICXfey{}? PAIR C1=0,7,4,8,2,5,1,6,3,9 C2=0,3,8,5,7,1,4,9,2,6
ICXfey{v? PAIR C1=0,6,3,7,5,2,8,4,1,9 C2=0,3,8,5,9,4,2,6,1,7
ICXfey{{_ PAIR C1=0,6,2,5,1,7,4,8,3,9 C2=0,3,6,9,1,4,2,8,5,7
ICXfey{y_ PAIR C1=0,7,4,8,3,6,1,5,2,9 C2=0,3,7,5,8,2,4,1,9,6
ICXfey{u_ PAIR C1=0,6,2,5,1,7,4,9,3,8 C2=0,3,6,9,1,4,2,8,5,7
ICXfey{r_ PAIR C1=0,8,3,6,1,5,7,4,9 C2=0,3,7,1,4,8,5,9,6
ICXfc~kz? PAIR C1=0,6,2,9,1,5,7,4,8 C2=0,7,6,1,4,2,8,5,9
ICXevi{}? PAIR C1=0,6,4,8,2,5,1,9,3,7 C2=0,3,6,1,4,9,2,7,5,8
ICXevi{|? PAIR C1=0,7,5,1,9,3,6,4,2,8 C2=0,3,7,2,9,5,8,4,1,6
ICXevi{y_ PAIR C1=0,8,3,7,2,5,1,6,4,9 C2=0,3,6,9,1,4,2,8,5,7
ICXevi{u_ PAIR C1=0,8,3,7,2,5,1,6,4,9 C2=0,3,6,9,1,4,2,8,5,7
ICXevi{m_ PAIR C1=0,6,4,9,2,5,1,7,3,8 C2=0,3,9,6,1,4,2,8,5,7
ICXevi{x_ PAIR C1=0,8,4,6,3,7,1,5,2,9 C2=0,3,8,5,9,6,1,4,2,7
ICXevi{l_ PAIR C1=0,6,4,8,3,9,2,5,1,7 C2=0,3,7,2,4,1,6,9,5,8
ICXetvs}? PAIR C1=0,6,7,3,9,1,4,2,8 C2=0,3,8,1,6,4,9,2,7
ICXetnw}? PAIR C1=0,7,3,8,2,4,6,1,9 C2=0,3,6,7,2,9,4,1,8
ICXetnkz? PAIR C1=0,6,4,8,2,7,5,1,9 C2=0,7,6,1,4,2,9,5,8
ICZbfrMj_ PAIR C1=1,5,8,4,9,2,6 C2=1,4,2,5,9,6,8
ICZbfq]}? PAIR C1=0,5,1,6,2,7,4,8,3,9 C2=0,3,6,8,5,2,9,4,1,7
ICZbfq]z? PAIR C1=0,5,2,6,1,7,3,8,4,9 C2=0,3,6,8,5,9,1,4,2,7
ICZbfq]^? PAIR C1=0,5,1,6,2,9,4,7,3,8 C2=0,3,6,8,5,9,1,4,2,7
ICZbfq]x_ PAIR C1=0,5,2,9,1,6,3,8,4,7 C2=0,3,7,2,4,1,5,9,6,8
ICZbfq]t_ PAIR C1=0,5,2,6,1,9,3,8,4,7 C2=0,3,7,2,4,1,5,9,6,8
ICZbfq]r_ PAIR C1=0,5,2,6,3,8,4,7,1,9 C2=0,3,7,2,4,1,5,9,6,8
ICZbfq]Z_ PAIR C1=0,5,2,6,3,8,4,9,1,7 C2=0,3,7,2,4,1,5,9,6,8
ICZbfq]f_ PAIR C1=0,7,4,9,3,6,1,5,8 C2=0,3,7,1,4,8,6,9,5
ICZbfZYj_ PAIR C1=0,5,7,4,8,1,6,2,9 C2=0,7,2,4,1,5,9,6,8
ICZbey{}? PAIR C1=0,5,2,9,3,8,4,7 C2=0,3,7,5,8,2,4,9
ICZbezYf_ PAIR C1=0,7,5,1,6,3,8,4,9 C2=0,3,7,4,1,8,6,9,5
ICZbeyy}? PAIR C1=0,5,2,8,4,7,1,6,3,9 C2=0,3,7,5,1,4,9,2,6,8
ICZbeyyv? PAIR C1=0,5,2,6,1,7,3,8,4,9 C2=0,3,6,8,2,4,1,9,5,7
ICZbeyyn? PAIR C1=0,5,1,6,2,9,3,8,4,7 C2=0,3,6,8,2,4,1,7,5,9
ICZbeyyx_ PAIR C1=0,7,4,8,3,6,1,5,2,9 C2=0,3,7,1,4,2,8,6,9,5
ICZbeyyt_ PAIR C1=0,8,4,7,5,2,6,1,9 C2=0,5,9,6,8,2,4,1,7
ICZbeyyr_ PAIR C1=0,5,1,9,4,7,3,6,2,8 C2=0,3,8,6,9,5,2,4,1,7
ICZbc~ky_ PAIR C1=0,5,7,4,8,2,6,1,9 C2=0,7,6,9,2,4,1,5,8
ICZfbr[n? PAIR C1=0,6,3,8,4,7,1,5,2,9 C2=0,3,7,2,6,1,4,9,5,8
ICZfbr[m_ PAIR C1=0,3,7,4,8,1,5,2,9,6 C2=0,5,8,3,6,1,7,2,4,9
ICZfbr[j_ PAIR C1=0,8,3,6,2,5,1,7,4,9 C2=0,3,7,2,4,1,8,5,9,6
ICZfbr[N_ PAIR C1=0,5,1,7,4,9,2,6,3,8 C2=0,3,7,2,4,1,8,5,9,6
ICZfbr[mO PAIR C1=0,5,2,9,3,8,4,7,1,6 C2=0,3,6,2,7,9,4,1,5,8
ICZfbr[lO PAIR C1=0,8,4,7,2,5,1,6,3,9 C2=0,3,8,5,9,7,1,4,2,6
ICZfbr[ko PAIR C1=0,6,2,5,8,1,4,7,3,9 C2=0,3,8,4,2,7,9,6,1,5
ICZfbr[io PAIR C1=0,6,1,5,2,9,4,7,3,8 C2=0,3,6,9,7,2,4,1,8,5
ICZfbr[eo PAIR C1=0,6,2,5,1,7,4,9,3,8 C2=0,3,6,9,7,2,4,1,8,5
ICZfbr[Lo PAIR C1=0,5,2,9,3,6,1,7,4,8 C2=0,3,8,5,1,4,2,7,9,6
ICZfbr[bo PAIR C1=0,6,1,5,9,4,7,3,8 C2=0,3,6,9,7,1,4,8,5
ICZfbr[Jo PAIR C1=0,6,1,5,9,4,7,3,8 C2=0,3,6,9,7,1,4,8,5
ICZfbr[Fo PAIR C1=0,6,1,5,9,4,7,3,8 C2=0,3,6,9,7,1,4,8,5
ICZfbp\N_ PAIR C1=1,5,8,3,9,4,7,2,6 C2=1,4,2,5,9,6,3,7,8
ICZburkho PAIR C1=0,8,1,7,4,6,2,5,9 C2=0,5,8,2,4,1,6,9,7
ICZbuq{t_ PAIR C1=0,5,2,8,3,9,1,6,4,7 C2=0,3,7,1,4,2,6,9,5,8
ICZbuq{l_ PAIR C1=0,7,4,6,1,5,2,8,3,9 C2=0,3,7,1,4,2,6,9,5,8
ICZbuq{xO PAIR C1=0,7,3,8,4,6,1,5,2,9 C2=0,3,6,2,4,1,7,9,5,8
ICZbuq{lO PAIR C1=0,7,3,8,4,6,1,5,2,9 C2=0,3,6,2,4,1,7,9,5,8
ICZbuq{\O PAIR C1=0,5,2,8,3,9,1,6,4,7 C2=0,3,6,2,4,1,7,9,5,8
ICZbuq{wo PAIR C1=0,5,1,6,4,7,3,8,2,9 C2=0,3,6,9,7,1,4,2,5,8
ICZbuq{[o PAIR C1=0,5,1,9,3,8,2,6,4,7 C2=0,3,6,9,7,1,4,2,5,8
ICZbuq{po PAIR C1=0,8,3,6,4,7,1,5,9 C2=0,3,7,9,6,1,4,8,5
ICZbuq{To PAIR C1=0,5,9,1,6,3,7,4,8 C2=0,3,8,5,1,4,6,9,7
ICZbup{Lo PAIR C1=1,5,9,3,7,4,6,2,8 C2=1,4,2,5,8,3,6,9,7
ICZenPxj_ PAIR C1=0,6,5,2,7,1,8,4,9 C2=0,5,9,6,1,4,2,8,7
ICZelrw^? PAIR C1=0,6,1,5,2,9,3,7,4,8 C2=0,3,6,5,9,4,1,8,2,7
ICZelrw]_ PAIR C1=0,6,1,5,2,9,3,8,4,7 C2=0,3,7,2,8,1,4,9,6,5
ICZelrwZ_ PAIR C1=0,3,6,5,1,9,2,8,4,7 C2=0,5,2,7,3,8,1,4,9,6
ICZelrwN_ PAIR C1=0,6,1,5,2,9,3,8,4,7 C2=0,3,7,2,8,1,4,9,6,5
ICZelrw\O PAIR C1=0,5,1,6,3,9,2,8,4,7 C2=0,3,8,1,4,2,7,9,5,6
ICZelrwVO PAIR C1=0,5,2,8,3,7,4,9,1,6 C2=0,3,6,5,9,7,2,4,1,8
ICZelrwUo PAIR C1=0,3,6,9,7,2,8,4,1,5 C2=0,6,5,2,4,9,1,8,3,7
ICZelrwLo PAIR C1=0,3,6,9,7,2,8,4,1,5 C2=0,6,1,8,3,9,5,2,4,7
ICZelrwRo PAIR C1=0,5,9,4,7,3,6,1,8 C2=0,3,8,4,1,5,6,9,7
ICZelrwFo PAIR C1=0,5,9,4,7,2,8,3,6 C2=0,3,7,9,6,5,2,4,8
ICZelr[Uo PAIR C1=0,6,5,1,9,4,8,3,7 C2=0,3,6,9,7,4,1,8,5
ICZelp{y_ PAIR C1=0,5,2,9,1,6,3,8,4,7 C2=0,3,7,2,4,1,8,5,6,9
ICZelp{m_ PAIR C1=0,5,1,6,3,8,2,9,4,7 C2=0,3,7,2,4,1,8,5,6,9
ICZelp{{O PAIR C1=0,5,2,9,3,6,1,8,4,7 C2=0,3,7,9,1,4,2,8,5,6
ICZelp{uO PAIR C1=0,6,3,9,1,5,2,8,4,7 C2=0,3,8,5,6,1,4,2,7,9
ICZelp{mO PAIR C1=0,5,1,8,4,2,7,9,3,6 C2=0,3,7,4,1,6,5,8,2,9
ICZelp{]O PAIR C1=0,5,2,7,4,8,1,9,3,6 C2=0,3,8,5,6,1,4,2,9,7
ICZelp{ko PAIR C1=0,3,6,9,7,2,8,4,1,5 C2=0,6,1,8,5,2,4,7,3,9
ICZelp{[o PAIR C1=0,3,6,9,7,2,8,4,1,5 C2=0,6,1,9,3,8,5,2,4,7
ICZelp{qo PAIR C1=0,3,6,9,7,2,8,4,1,5 C2=0,6,1,9,4,2,5,8,3,7
ICZelp{io PAIR C1=0,3,6,9,7,2,8,4,1,5 C2=0,7,3,8,1,6,5,2,4,9
ICZelp{eo PAIR C1=0,3,6,9,7,2,8,4,1,5 C2=0,6,1,8,5,2,4,9,3,7
ICZelp{Uo PAIR C1=0,3,6,9,7,2,8,4,1,5 C2=0,6,1,8,5,2,4,9,3,7
ICZelp{Mo PAIR C1=0,3,6,9,7,2,8,4,1,5 C2=0,6,1,8,5,2,4,9,3,7
ICZelpyn? PAIR C1=0,5,1,6,3,8,2,9,4,7 C2=0,3,7,2,4,1,8,6,5,9
ICZelpy^? PAIR C1=0,5,1,9,2,8,4,7,3,6 C2=0,3,9,5,6,8,1,4,2,7
ICZelpyuO PAIR C1=0,3,6,8,2,7,9,4,1,5 C2=0,6,5,2,4,8,1,9,3,7
ICZelpymO PAIR C1=0,7,4,8,2,5,1,6,3,9 C2=0,3,7,9,2,4,1,8,6,5
ICZelpy]O PAIR C1=0,3,8,6,5,1,9,4,2,7 C2=0,5,2,8,1,4,7,9,3,6
ICZelpylO PAIR C1=0,5,1,6,3,9,2,8,4,7 C2=0,3,7,9,5,2,4,1,8,6
ICZelpy\O PAIR C1=0,5,1,6,3,9,2,8,4,7 C2=0,3,7,9,5,2,4,1,8,6
ICZelpyrO PAIR C1=0,3,6,8,2,7,9,4,1,5 C2=0,6,1,9,5,2,4,8,3,7
ICZelpyjO PAIR C1=0,5,1,6,3,8,2,9,4,7 C2=0,3,7,9,5,2,4,1,8,6
ICZelpyNO PAIR C1=0,5,1,6,3,8,4,9,2,7 C2=0,3,7,9,5,2,4,1,8,6
ICZelqxN_ PAIR C1=0,5,6,3,7,2,9,4,8 C2=0,3,8,7,4,2,5,9,6
ICZelpx|? PAIR C1=0,5,1,6,3,9,2,8,4,7 C2=0,3,8,7,2,4,1,9,5,6
ICZelpxv? PAIR C1=0,6,3,9,1,5,2,8,4,7 C2=0,3,8,7,2,4,1,6,5,9
ICZelpxx_ PAIR C1=0,5,1,6,3,8,4,7,2,9 C2=0,3,7,8,1,4,2,5,9,6
ICZelpxt_ PAIR C1=0,5,2,8,4,7,3,6,1,9 C2=0,6,5,9,3,8,1,4,2,7
ICZelpxl_ PAIR C1=0,5,1,6,3,9,2,8,4,7 C2=0,3,7,8,1,4,2,5,9,6
ICZelpx\_ PAIR C1=0,5,1,6,3,9,2,8,4,7 C2=0,3,7,8,1,4,2,5,9,6
ICZelpxr_ PAIR C1=0,7,4,8,2,5,6,1,9 C2=0,5,1,8,7,2,4,9,6
ICZelpxj_ PAIR C1=0,5,1,6,3,8,2,9,4,7 C2=0,3,7,8,1,4,2,5,9,6
ICZejrwn? PAIR C1=0,8,4,7,3,6,1,5,2,9 C2=0,3,8,2,7,1,4,9,5,6
ICZejrwm_ PAIR C1=0,5,2,7,4,8,1,6,3,9 C2=0,3,7,1,5,6,9,4,2,8
ICZejrwj_ PAIR C1=0,6,3,8,4,7,1,5,2,9 C2=0,3,7,2,4,9,5,6,1,8
ICZejrwN_ PAIR C1=0,5,1,7,4,8,2,9,3,6 C2=0,3,7,2,4,9,5,6,1,8
ICZejrwmO PAIR C1=0,5,2,9,3,7,4,8,1,6 C2=0,3,6,5,1,7,9,4,2,8
ICZejrwlO PAIR C1=0,5,2,9,3,8,4,7,1,6 C2=0,3,6,5,9,7,2,4,1,8
ICZejqy^? PAIR C1=0,5,1,7,4,8,2,9,3,6 C2=0,3,7,2,4,1,9,5,6,8
ICZejqyuO PAIR C1=0,5,2,8,4,7,3,6,1,9 C2=0,3,9,7,2,4,1,5,6,8
ICZejqymO PAIR C1=0,5,2,8,4,7,1,6,3,9 C2=0,3,7,9,2,4,1,5,6,8
ICZejqy]O PAIR C1=0,5,1,7,4,8,2,9,3,6 C2=0,3,7,9,1,4,2,5,6,8
ICZejqytO PAIR C1=1,5,6,3,8,4,2,7,9 C2=1,4,7,3,9,5,2,8,6
ICZejqy\O PAIR C1=1,5,6,3,9,2,8,4,7 C2=1,4,2,5,9,7,3,8,6
ICZejqyrO PAIR C1=0,3,6,8,2,7,9,4,1,5 C2=0,6,1,9,5,2,4,7,3,8
ICZejqyjO PAIR C1=0,6,3,7,1,5,2,9,4,8 C2=0,3,8,6,1,4,2,7,9,5
ICZejqyZO PAIR C1=0,6,3,7,4,9,1,5,2,8 C2=0,3,8,6,1,4,2,7,9,5
ICZejqyVO PAIR C1=0,3,6,8,2,7,9,4,1,5 C2=0,6,1,7,3,9,5,2,4,8
ICZejqyNO PAIR C1=1,5,6,3,9,4,8,2,7 C2=1,4,2,5,9,7,3,8,6
ICZejpyNO PAIR C1=1,5,6,3,9,4,8,2,7 C2=1,4,2,5,9,7,3,8,6
ICZejpxN_ PAIR C1=1,5,6,3,9,2,4,8,7 C2=1,4,7,3,8,2,5,9,6
ICZbmrwn? PAIR C1=0,5,1,6,2,9,3,7,4,8 C2=0,3,6,5,9,4,2,8,1,7
ICZbmrwl_ PAIR C1=0,3,9,2,6,5,1,8,4,7 C2=0,5,9,6,3,7,1,4,2,8
ICZbmrwf_ PAIR C1=0,5,2,6,1,8,4,9,3,7 C2=0,3,6,9,5,1,7,4,2,8
ICZbmqu{O PAIR C1=0,5,8,2,9,3,6,1,7 C2=0,3,7,9,1,5,2,6,8
ICZbmqx}? PAIR C1=0,5,1,6,2,8,4,7,3,9 C2=0,3,6,5,2,9,4,1,7,8
ICZbmqxx_ PAIR C1=0,5,6,1,4,7,8,2,9 C2=0,7,1,5,9,6,2,4,8
ICZbmqxt_ PAIR C1=0,3,9,6,2,8,7,4,1,5 C2=0,7,3,6,1,9,5,2,4,8
ICZVFqu\_ PAIR C1=0,7,1,6,2,9,3,5,8 C2=0,3,7,2,8,6,9,1,5
ICZVFq]]_ PAIR C1=0,6,2,9,4,8,3,5,1,7 C2=0,3,7,2,4,1,9,6,8,5
ICZVFp]m_ PAIR C1=0,5,1,6,2,7,3,8,4,9 C2=0,3,5,8,6,9,2,4,1,7
ICZVFo}}? PAIR C1=0,6,8,5,3,9,1,4,2,7 C2=0,5,1,6,2,8,3,7,4,9
ICZVFo}v? PAIR C1=0,5,3,8,2,7,4,9,1,6 C2=0,3,7,1,4,2,6,8,5,9
ICZVFo}n? PAIR C1=0,5,1,7,4,8,3,9,2,6 C2=0,3,7,2,4,1,6,8,5,9
ICZVFo}{_ PAIR C1=0,7,4,8,2,6,1,5,3,9 C2=0,3,7,1,4,2,9,6,8,5
ICZVFo}u_ PAIR C1=0,5,1,7,3,9,4,8,2,6 C2=0,3,5,8,6,9,1,4,2,7
ICZVFo}x_ PAIR C1=0,6,2,9,1,5,3,8,4,7 C2=0,3,7,1,4,2,8,6,9,5
ICZVFo}t_ PAIR C1=0,3,9,6,8,2,7,4,1,5 C2=0,6,2,4,8,3,5,9,1,7
ICZVFXyj_ PAIR C1=0,6,1,5,7,4,8,2,9 C2=0,5,9,6,8,1,4,2,7
ICZVExym_ PAIR C1=0,5,3,8,1,7,4,9,2,6 C2=0,3,7,5,1,4,2,8,6,9
ICZVDx{}? PAIR C1=0,5,3,8,4,7,2,9 C2=0,3,9,4,2,8,5,7
ICZVDziZ_ PAIR C1=0,6,1,5,7,4,9,2,8 C2=0,5,9,6,8,1,4,2,7
ICZVDxyz? PAIR C1=0,5,3,8,2,6,1,9,4,7 C2=0,3,7,5,9,2,4,1,8,6
ICZVDxyv? PAIR C1=0,5,3,7,4,8,2,6,1,9 C2=0,3,9,5,7,2,4,1,8,6
ICZVDxyn? PAIR C1=0,7,4,8,2,6,1,5,3,9 C2=0,3,7,5,9,2,4,1,8,6
ICZVDxyu_ PAIR C1=0,5,3,9,1,8,4,7,2,6 C2=0,3,7,5,1,4,2,8,6,9
ICZVDxy]_ PAIR C1=0,5,3,8,4,7,2,9,1,6 C2=0,3,9,6,8,2,4,1,5,7
ICZVDxyx_ PAIR C1=0,3,8,4,7,2,6,1,9,5 C2=0,7,3,5,1,4,2,8,6,9
ICZVDxyt_ PAIR C1=0,3,9,6,8,2,7,4,1,5 C2=0,6,2,4,8,1,9,5,3,7
ICZVByyz? PAIR C1=0,6,2,9,1,5,3,7,4,8 C2=0,3,8,6,1,4,2,7,5,9
ICZVByyv? PAIR C1=0,6,2,8,4,7,3,5,1,9 C2=0,3,9,5,7,2,4,1,6,8
ICZVByyn? PAIR C1=0,6,2,8,4,7,1,5,3,9 C2=0,3,7,5,9,2,4,1,6,8
ICZVByy^? PAIR C1=0,5,3,9,1,7,4,8,2,6 C2=0,3,7,5,9,2,4,1,6,8
ICZVByy{_ PAIR C1=0,8,4,7,3,5,1,6,2,9 C2=0,3,8,6,9,1,4,2,7,5
ICZVByyu_ PAIR C1=0,5,3,8,4,9,1,7,2,6 C2=0,3,7,5,1,4,2,8,6,9
ICZVByyx_ PAIR C1=0,5,1,4,7,3,8,2,6,9 C2=0,3,5,9,1,7,2,4,8,6
ICZVByyt_ PAIR C1=1,6,2,8,4,7,5,3,9 C2=1,4,2,7,3,8,6,9,5
ICZVFT{j_ PAIR C1=0,6,2,4,7,1,8,5,9 C2=0,5,1,4,8,2,9,6,7
ICZVEu{V_ PAIR C1=0,6,1,9,4,7,3,5,8 C2=0,3,8,4,1,5,9,6,7
ICZVBt{N_ PAIR C1=1,6,2,7,4,9,3,5,8 C2=1,4,2,8,3,7,6,9,5
ICZTfji\_ PAIR C1=0,7,5,3,6,2,9,1,8 C2=0,3,9,6,8,2,7,1,5
ICZTfX{}? PAIR C1=0,5,3,9,1,8,4,7 C2=0,3,8,5,7,1,4,9
ICZTfZiZ_ PAIR C1=0,5,7,1,8,4,9,2,6 C2=0,7,2,4,1,5,9,6,8
ICZTfXyz? PAIR C1=0,6,2,9,1,5,3,8,4,7 C2=0,3,6,8,1,4,2,7,5,9
ICZTfXyn? PAIR C1=0,5,1,7,4,8,3,9,2,6 C2=0,3,6,8,1,4,2,7,5,9
ICZTfXyx_ PAIR C1=0,5,3,6,2,8,4,7,1,9 C2=0,3,8,6,9,5,1,4,2,7
ICZTfXyt_ PAIR C1=0,3,9,6,8,2,7,4,1,5 C2=0,6,2,4,8,3,5,9,1,7
ICZTfXyr_ PAIR C1=0,6,3,5,7,1,8,4,9 C2=0,3,8,6,9,5,1,4,7
ICZTfXyj_ PAIR C1=0,3,8,6,9,2,7,4,1,5 C2=0,6,3,5,9,4,2,8,1,7
ICZTeziV_ PAIR C1=0,6,3,9,4,7,5,1,8 C2=0,3,5,9,6,8,4,1,7
ICZTfNw\_ PAIR C1=0,6,2,9,1,7,5,3,8 C2=0,3,9,6,7,2,8,1,5
ICZTfL{]_ PAIR C1=1,7,5,3,6,2,9,4,8 C2=1,4,2,7,6,9,3,8,5
ICZTb^w}? PAIR C1=0,5,3,9,1,8,4,7,2,6 C2=0,3,6,7,5,1,4,9,2,8
ICZTb^wv? PAIR C1=0,5,1,7,2,8,4,9,3,6 C2=0,3,8,1,4,2,6,7,5,9
ICZTb^wn? PAIR C1=0,6,2,8,4,7,1,5,3,9 C2=0,3,6,7,5,9,2,4,1,8
ICZTb^wx_ PAIR C1=0,3,5,1,7,4,8,2,9,6 C2=0,5,9,1,4,2,7,6,3,8
ICZTb^wt_ PAIR C1=0,3,9,6,7,2,8,4,1,5 C2=0,6,2,4,7,1,9,5,3,8
ICZTb^wZ_ PAIR C1=0,6,3,5,7,4,9,2,8 C2=0,3,8,4,2,7,6,9,5
ICZTb^wf_ PAIR C1=0,6,3,9,4,7,5,1,8 C2=0,3,8,4,1,7,6,9,5
ICZTb^s{_ PAIR C1=0,6,2,9,1,7,5,3,8 C2=0,3,9,6,7,2,8,1,5
ICZTb^[u_ PAIR C1=0,5,7,1,9,4,8,3,6 C2=0,3,9,6,7,4,1,5,8
ICZVfQu\O PAIR C1=0,5,8,3,9,1,7,2,6 C2=0,3,5,1,6,8,2,9,7
ICZVfQuZO PAIR C1=0,6,2,7,4,9,1,5,3,8 C2=0,3,6,8,2,4,1,7,9,5
ICZVfQ]]O PAIR C1=0,5,3,6,2,9,1,7,4,8 C2=0,3,9,7,2,4,1,5,8,6
ICZVRrkho PAIR C1=0,8,2,6,4,7,1,5,9 C2=0,5,8,1,4,2,7,9,6
ICZVRr[ko PAIR C1=0,5,1,7,4,6,2,9,3,8 C2=0,3,5,8,1,4,2,7,9,6
ICZVRq{|? PAIR C1=0,8,3,5,1,6,4,7,2,9 C2=0,3,7,1,9,5,8,4,2,6
ICZVRq{x_ PAIR C1=0,5,3,8,4,7,2,6,1,9 C2=0,3,7,1,4,2,8,5,9,6
ICZVRq{l_ PAIR C1=0,6,4,7,1,5,3,8,2,9 C2=0,3,7,2,4,1,6,9,5,8
ICZVRq{\_ PAIR C1=0,5,3,8,2,9,1,7,4,6 C2=0,3,7,2,4,1,6,9,5,8
ICZVRq{wo PAIR C1=0,6,4,7,2,9,1,5,3,8 C2=0,3,7,9,6,1,4,2,8,5
ICZVRq{so PAIR C1=0,5,1,6,2,7,4,8,3,9 C2=0,3,5,8,2,4,1,7,9,6
ICZVRq{ko PAIR C1=0,5,3,9,2,6,1,7,4,8 C2=0,3,8,5,1,4,2,7,9,6
ICZVRq{po PAIR C1=0,8,3,7,4,6,1,5,9 C2=0,3,5,8,4,1,7,9,6
ICZVRq{Xo PAIR C1=0,6,4,7,1,9,5,3,8 C2=0,3,7,9,6,1,4,8,5
ICZVRquz? PAIR C1=0,5,3,8,2,7,4,6,1,9 C2=0,3,7,1,4,2,9,5,8,6
ICZVRqu^? PAIR C1=0,5,3,9,1,6,4,7,2,8 C2=0,3,7,1,4,2,9,5,8,6
ICZVRqu{O PAIR C1=0,8,2,7,4,6,1,5,3,9 C2=0,3,7,9,1,4,2,6,8,5
ICZVRquyO PAIR C1=0,6,4,7,2,8,3,5,1,9 C2=0,3,7,9,2,4,1,6,8,5
ICZVRquuO PAIR C1=0,5,1,9,3,7,4,6,2,8 C2=0,3,5,8,6,1,4,2,7,9
ICZVRqumO PAIR C1=0,5,1,7,4,6,2,9,3,8 C2=0,3,5,8,6,1,4,2,7,9
ICZVRquxO PAIR C1=0,5,1,9,2,8,3,7,4,6 C2=0,3,5,9,7,2,4,1,6,8
ICZVRqulO PAIR C1=0,5,1,7,4,6,2,8,3,9 C2=0,3,5,9,7,2,4,1,6,8
ICZVRqu\O PAIR C1=0,6,1,7,4,2,9,3,5,8 C2=0,3,7,2,8,6,4,1,9,5
ICZVRqurO PAIR C1=0,3,8,6,2,7,9,4,1,5 C2=0,6,1,9,5,3,7,4,2,8
ICZVRquVO PAIR C1=0,6,2,7,4,1,9,3,5,8 C2=0,3,7,1,6,8,2,4,9,5
ICZVRquNO PAIR C1=0,6,2,4,7,9,3,5,8 C2=0,3,7,2,8,6,4,9,5
ICZTvbiVO PAIR C1=0,5,1,8,2,7,3,9,4,6 C2=0,3,5,9,7,1,4,2,6,8
ICZTvbM]O PAIR C1=0,5,1,7,2,9,3,6,4,8 C2=0,3,5,8,6,2,4,1,9,7
ICZTvbLV_ PAIR C1=0,7,1,9,4,6,3,5,8 C2=0,3,7,8,4,1,5,9,6
ICZTnRw^? PAIR C1=0,5,1,9,3,8,4,7,2,6 C2=0,3,6,5,9,4,2,8,1,7
ICZTnRwZ_ PAIR C1=0,3,6,5,1,7,4,9,2,8 C2=0,6,9,5,3,8,1,4,2,7
ICZTnRw\O PAIR C1=0,5,1,9,3,6,2,7,4,8 C2=0,3,8,2,4,1,7,9,5,6
ICZTnRwNO PAIR C1=0,7,4,9,2,6,3,5,1,8 C2=0,3,8,2,4,1,7,9,5,6
ICZTnRwXo PAIR C1=0,6,3,5,1,9,2,8,4,7 C2=0,3,8,1,4,2,7,9,6,5
ICZTnRwTo PAIR C1=0,5,1,9,3,6,2,8,4,7 C2=0,3,5,6,9,7,2,4,1,8
ICZTnPu{O PAIR C1=0,6,5,8,2,7,1,9 C2=0,5,1,8,6,2,9,7
ICZTnPuyO PAIR C1=0,6,5,1,8,2,9,4,7 C2=0,5,8,6,2,4,1,7,9
ICZTnPx}? PAIR C1=0,5,3,9,1,8,4,7,2,6 C2=0,3,6,5,1,4,9,2,8,7
ICZTnPx|? PAIR C1=0,5,1,8,4,7,2,6,3,9 C2=0,3,8,7,1,4,2,9,5,6
ICZTnPxv? PAIR C1=0,6,3,5,1,7,2,8,4,9 C2=0,3,9,5,6,2,4,1,8,7
ICZTnPxn? PAIR C1=0,6,2,8,4,7,1,5,3,9 C2=0,3,6,5,9,2,4,1,8,7
ICZTnPxx_ PAIR C1=0,6,3,5,1,9,2,4,8,7 C2=0,3,8,1,4,7,2,6,9,5
ICZTnPxt_ PAIR C1=0,7,4,2,8,1,5,6,3,9 C2=0,3,8,4,1,7,2,6,9,5
ICZTnPxr_ PAIR C1=0,5,6,3,8,2,7,4,9 C2=0,3,5,9,6,2,4,8,7
ICZTnPxf_ PAIR C1=0,6,5,3,9,4,8,2,7 C2=0,3,8,7,4,2,6,9,5
ICZLfp{|? PAIR C1=0,5,4,7,3,8,1,9 C2=0,3,9,5,8,4,1,7
ICZLfp{l_ PAIR C1=0,7,1,5,4,8,2,6,3,9 C2=0,3,7,2,4,1,8,5,9,6
ICZLfpu}? PAIR C1=0,5,4,7,1,9,2,8,3,6 C2=0,3,9,4,1,5,8,6,2,7
ICZLfpu|? PAIR C1=0,7,4,5,1,8,2,6,3,9 C2=0,3,7,2,4,1,9,5,8,6
ICZLfpuv? PAIR C1=0,5,4,7,2,8,1,9,3,6 C2=0,3,7,1,4,2,6,8,5,9
ICZLfpun? PAIR C1=0,6,3,9,4,5,1,8,2,7 C2=0,3,7,1,4,2,6,8,5,9
ICZLfpuy_ PAIR C1=0,5,4,7,1,9,2,8,3,6 C2=0,3,7,2,4,1,5,8,6,9
ICZLfpur_ PAIR C1=0,3,7,2,8,6,9,4,1,5 C2=0,7,1,8,3,6,2,4,5,9
ICZLfpuj_ PAIR C1=0,6,3,8,5,4,9,2,7 C2=0,3,7,4,2,8,6,9,5
ICZLdzqN_ PAIR C1=0,5,7,4,9,3,6,2,8 C2=0,3,8,6,9,5,4,2,7
ICZLbzsm_ PAIR C1=0,6,3,9,4,5,1,7,2,8 C2=0,3,7,5,8,1,4,2,6,9
ICZLbzq}? PAIR C1=0,6,2,9,3,7,4,5,1,8 C2=0,3,6,8,2,4,9,1,7,5
ICZLbzq|? PAIR C1=0,5,4,7,1,8,3,6,2,9 C2=0,3,7,5,9,1,4,2,8,6
ICZLbzqv? PAIR C1=0,5,1,8,2,7,4,9,3,6 C2=0,3,7,5,9,1,4,2,6,8
ICZLbzqn? PAIR C1=0,6,3,8,1,5,4,7,2,9 C2=0,3,9,5,7,1,4,2,6,8
ICZLbzqy_ PAIR C1=0,3,6,8,2,7,1,5,4,9 C2=0,5,7,3,8,1,4,2,9,6
ICZLbzqu_ PAIR C1=0,6,2,8,1,5,4,7,3,9 C2=0,3,8,6,9,1,4,2,7,5
ICZLbzq]_ PAIR C1=0,6,3,9,1,5,4,7,2,8 C2=0,3,8,6,9,2,4,1,7,5
ICZLbzqr_ PAIR C1=0,3,7,2,8,6,9,4,1,5 C2=0,8,3,6,2,4,5,7,1,9
ICZLbzqj_ PAIR C1=0,6,3,8,1,5,7,4,9 C2=0,3,7,1,4,5,9,6,8
ICZLevsV_ PAIR C1=0,6,3,9,4,7,1,5,8 C2=0,3,8,1,4,5,9,6,7
ICZLbvs}? PAIR C1=0,6,2,7,4,5,1,8,3,9 C2=0,3,6,7,1,4,9,2,8,5
ICZLbvs|? PAIR C1=0,5,4,7,1,8,2,9,3,6 C2=0,3,7,6,2,4,1,9,5,8
ICZLbvsz? PAIR C1=0,6,2,8,3,7,4,5,1,9 C2=0,3,6,7,1,4,2,9,5,8
ICZLbvsv? PAIR C1=0,8,3,6,2,7,4,5,1,9 C2=0,3,9,5,8,2,4,1,7,6
ICZLbvsn? PAIR C1=0,8,1,5,4,7,3,6,2,9 C2=0,3,9,5,8,2,4,1,7,6
ICZLbvsy_ PAIR C1=0,8,3,6,2,7,1,5,4,9 C2=0,3,7,6,9,2,4,1,8,5
ICZLbvs]_ PAIR C1=0,6,3,9,2,7,4,5,1,8 C2=0,3,7,6,9,1,4,2,8,5
ICZLbvsj_ PAIR C1=0,6,3,8,5,1,7,4,9 C2=0,3,7,6,9,5,4,1,8
ICZLbvkx_ PAIR C1=0,6,2,8,5,4,7,1,9 C2=0,5,9,6,7,2,4,1,8
ICZLbt{\_ PAIR C1=1,8,5,4,7,2,6,3,9 C2=1,4,2,8,3,7,6,9,5
ICZJfq{|? PAIR C1=0,5,1,7,4,8,2,9 C2=0,7,2,4,1,9,5,8
ICZJfqu}? PAIR C1=0,7,4,5,1,9,3,6,2,8 C2=0,3,7,2,9,4,1,6,8,5
ICZJfquz? PAIR C1=0,5,4,7,2,9,1,6,3,8 C2=0,3,7,1,4,2,6,8,5,9
ICZJfquv? PAIR C1=0,5,4,9,1,6,3,8,2,7 C2=0,3,7,1,4,2,6,8,5,9
ICZJfquu_ PAIR C1=0,5,4,7,1,9,3,6,2,8 C2=0,3,7,2,4,1,5,8,6,9
ICZJfqu]_ PAIR C1=0,7,4,5,1,6,2,9,3,8 C2=0,3,7,2,4,1,9,6,8,5
ICZJfqux_ PAIR C1=0,5,4,7,1,6,3,8,2,9 C2=0,3,7,2,4,1,5,9,6,8
ICZJfqut_ PAIR C1=0,5,4,7,1,6,2,8,3,9 C2=0,3,7,2,4,1,5,9,6,8
ICZJfqul_ PAIR C1=0,5,4,7,1,6,3,8,2,9 C2=0,3,7,2,4,1,5,9,6,8
ICZJfquj_ PAIR C1=0,5,4,9,2,8,3,6,1,7 C2=0,3,7,2,4,1,5,9,6,8
ICZJfquZ_ PAIR C1=0,5,4,9,2,8,3,6,1,7 C2=0,3,7,2,4,1,5,9,6,8
ICZJfquV_ PAIR C1=0,5,4,9,3,8,2,6,1,7 C2=0,3,7,2,4,1,5,9,6,8
ICZJfquN_ PAIR C1=0,5,4,9,2,8,3,6,1,7 C2=0,3,7,2,4,1,5,9,6,8
ICZJfZqj_ PAIR C1=0,5,7,2,8,6,1,4,9 C2=0,7,4,2,6,9,5,1,8
ICZJdzq}? PAIR C1=0,7,4,5,1,8,2,6,3,9 C2=0,3,8,6,1,4,9,2,7,5
ICZJdzqz? PAIR C1=0,5,4,7,3,6,2,9,1,8 C2=0,3,8,6,1,4,2,7,5,9
ICZJdzqn? PAIR C1=0,5,1,6,2,7,4,9,3,8 C2=0,3,6,8,1,4,2,9,5,7
ICZJdzq{_ PAIR C1=0,5,4,7,2,9,1,6,3,8 C2=0,3,9,6,8,2,4,1,5,7
ICZJdzqu_ PAIR C1=0,7,4,5,1,8,2,6,3,9 C2=0,3,8,6,9,1,4,2,7,5
ICZJdzqx_ PAIR C1=0,5,4,7,3,6,2,9,1,8 C2=0,3,8,6,9,5,1,4,2,7
ICZJdzqt_ PAIR C1=0,5,4,7,3,6,2,8,1,9 C2=0,3,8,6,9,5,1,4,2,7
ICZJdzqj_ PAIR C1=0,5,4,7,3,6,1,8,2,9 C2=0,3,8,6,9,5,1,4,2,7
ICZJdzqV_ PAIR C1=0,5,7,4,9,3,6,2,8 C2=0,3,8,6,9,5,4,2,7
ICZJdzqN_ PAIR C1=0,5,7,4,9,3,6,2,8 C2=0,3,8,6,9,5,4,2,7
ICZJfVsl_ PAIR C1=0,3,8,2,9,6,7,4,1,5 C2=0,7,2,4,5,9,3,6,1,8
ICZJdvs}? PAIR C1=0,8,1,5,4,7,2,6,3,9 C2=0,3,7,6,1,4,9,2,8,5
ICZJdvsz? PAIR C1=0,7,4,5,1,9,2,6,3,8 C2=0,3,7,6,1,4,2,8,5,9
ICZJdvsy_ PAIR C1=0,5,4,9,1,8,2,6,3,7 C2=0,3,8,5,1,4,2,7,6,9
ICZJdvs]_ PAIR C1=0,5,4,9,2,8,1,6,3,7 C2=0,3,9,6,7,2,4,1,5,8
ICZJdvsx_ PAIR C1=0,3,8,2,9,6,7,4,1,5 C2=0,7,3,6,2,4,5,9,1,8
ICZJdvst_ PAIR C1=0,5,4,7,2,6,3,9,1,8 C2=0,3,8,2,4,1,5,9,6,7
ICZJdvsj_ PAIR C1=0,5,4,9,2,7,3,6,1,8 C2=0,3,8,2,4,1,5,9,6,7
ICZJdvsV_ PAIR C1=0,3,8,2,7,6,9,4,1,5 C2=0,7,3,9,5,4,2,6,1,8
ICZJdvsN_ PAIR C1=1,6,2,7,3,9,4,5,8 C2=1,4,7,6,3,8,2,9,5
ICZJdvkx_ PAIR C1=0,7,4,8,5,1,6,2,9 C2=0,5,9,6,7,2,4,1,8
ICZJdvq}? PAIR C1=1,6,3,8,2,7,4,9 C2=1,4,2,9,3,7,6,8
ICZJduun? PAIR C1=0,5,8,3,6,2,9,4,7 C2=0,3,9,5,4,2,7,6,8
ICZJbvsN_ PAIR C1=1,6,3,9,2,7,4,5,8 C2=1,4,2,8,3,7,6,9,5
ICZJbu{\_ PAIR C1=1,5,8,4,7,2,6,3,9 C2=1,6,9,5,4,2,8,3,7
ICZJbuu^? PAIR C1=1,6,3,8,5,4,9,2,7 C2=1,4,2,8,6,7,3,9,5
ICZJfNwj_ PAIR C1=1,6,2,9,4,5,7 C2=1,4,2,7,6,9,5
ICZJdnky_ PAIR C1=0,5,7,2,6,1,8,4,9 C2=0,7,6,9,2,4,1,5,8
ICZJdnq|? PAIR C1=0,7,5,9,1,6,3,8 C2=0,5,1,8,6,7,3,9
ICZJd^s{_ PAIR C1=0,5,4,7,2,9,3,6,1,8 C2=0,3,8,2,4,1,5,7,6,9
ICZJ`~w\_ PAIR C1=1,6,3,9,2,7,5,4,8 C2=1,4,2,8,3,7,6,9,5
ICZMtjqVO PAIR C1=0,5,7,3,6,4,9,1,8 C2=0,3,8,6,1,4,5,9,7
ICZLvH{wo PAIR C1=0,7,5,1,4,8,2,6,9 C2=0,5,8,1,9,7,2,4,6
ICZJvbsn? PAIR C1=0,8,2,6,4,5,1,7,3,9 C2=0,3,6,1,8,5,9,4,2,7
ICZJvbsl_ PAIR C1=0,7,1,5,4,6,3,8,2,9 C2=0,3,7,2,4,1,6,9,5,8
ICZJvbsmO PAIR C1=0,7,3,8,1,5,4,6,2,9 C2=0,3,6,1,4,9,7,2,8,5
ICZJvbsjO PAIR C1=0,7,3,8,1,5,4,6,2,9 C2=0,3,6,1,4,2,7,9,5,8
ICZJvbsNO PAIR C1=0,5,4,6,2,9,3,8,1,7 C2=0,3,6,1,4,2,7,9,5,8
ICZJvbsLo PAIR C1=0,3,8,2,7,9,6,4,1,5 C2=0,7,1,6,3,9,2,4,5,8
ICZJva{{O PAIR C1=0,7,3,8,2,6,4,5,1,9 C2=0,3,6,1,7,9,2,4,8,5
ICZJva{tO PAIR C1=0,5,1,6,4,8,2,7,3,9 C2=0,3,6,2,4,1,7,9,5,8
ICZJva{lO PAIR C1=0,7,1,5,4,6,2,8,3,9 C2=0,3,6,1,4,2,7,9,5,8
ICZJva{\O PAIR C1=0,5,4,6,2,9,1,7,3,8 C2=0,3,6,1,4,2,8,5,9,7
ICZJva{so PAIR C1=0,7,2,6,4,5,1,9,3,8 C2=0,3,7,9,6,1,4,2,8,5
ICZJva{[o PAIR C1=0,7,2,9,1,5,4,6,3,8 C2=0,3,7,9,6,1,4,2,8,5
ICZJva{ho PAIR C1=0,7,3,8,2,6,4,5,9 C2=0,3,6,9,7,2,4,8,5
ICZJvbejO PAIR C1=0,8,5,1,7,2,6,4,9 C2=0,5,4,1,6,8,2,9,7
ICZJvatz? PAIR C1=0,5,4,6,2,8,3,7,1,9 C2=0,3,6,1,4,2,9,5,8,7
ICZJvat^? PAIR C1=0,5,1,7,3,6,4,9,2,8 C2=0,3,9,1,6,2,4,5,8,7
ICZJvatu_ PAIR C1=0,7,2,8,3,6,4,5,1,9 C2=0,3,9,6,2,4,1,7,8,5
ICZJvat]_ PAIR C1=0,7,1,5,4,6,2,9,3,8 C2=0,3,6,9,1,4,2,7,8,5
ICZJvatx_ PAIR C1=0,8,3,6,4,5,1,7,2,9 C2=0,3,7,8,2,4,1,6,9,5
ICZJvat\_ PAIR C1=1,6,4,5,8,3,9,2,7 C2=1,4,2,8,7,3,6,9,5
ICZJvatj_ PAIR C1=0,7,2,6,3,8,5,4,9 C2=0,3,7,8,2,4,6,9,5
ICZJvatZ_ PAIR C1=0,7,2,9,1,5,4,6,3,8 C2=0,3,7,8,2,4,1,6,9,5
ICZJvatV_ PAIR C1=1,7,2,6,4,5,8,3,9 C2=1,4,2,8,7,3,6,9,5
ICZJvatN_ PAIR C1=1,6,4,5,8,3,9,2,7 C2=1,4,2,8,7,3,6,9,5
ICZJtjwt_ PAIR C1=0,7,3,8,2,6,4,5,1,9 C2=0,3,6,9,5,7,2,4,1,8
ICZJtjwl_ PAIR C1=0,5,1,8,4,6,2,7,3,9 C2=0,3,8,2,4,1,6,9,5,7
ICZJtjw{O PAIR C1=0,8,3,7,2,6,4,5,1,9 C2=0,3,6,1,4,8,2,9,7,5
ICZJtjwlO PAIR C1=0,5,1,8,4,6,3,7,2,9 C2=0,3,8,2,6,1,4,5,9,7
ICZJtjw\O PAIR C1=0,5,1,8,4,6,3,9,2,7 C2=0,3,7,9,5,4,1,6,2,8
ICZJtjwso PAIR C1=0,7,2,8,4,5,1,6,3,9 C2=0,3,8,1,4,2,6,9,7,5
ICZJtjwho PAIR C1=0,7,3,8,1,6,4,5,9 C2=0,3,6,9,7,5,1,4,8
ICZJtjwXo PAIR C1=0,7,3,6,4,5,9,1,8 C2=0,3,8,4,1,6,9,7,5
ICZJtjwdo PAIR C1=0,7,3,8,1,6,4,5,9 C2=0,3,6,9,7,5,1,4,8
ICZJtjwLo PAIR C1=0,7,3,6,4,5,9,2,8 C2=0,3,8,4,2,6,9,7,5
ICZJtjs}? PAIR C1=0,7,5,4,1,6,3,9,2,8 C2=0,3,7,2,6,4,9,1,8,5
ICZJtjs{_ PAIR C1=0,5,4,6,1,8,3,7,2,9 C2=0,3,6,9,1,4,2,8,5,7
ICZJtjsm_ PAIR C1=0,8,1,5,4,6,3,7,2,9 C2=0,3,9,6,1,4,2,8,5,7
ICZJtjsyO PAIR C1=0,5,4,6,2,7,3,8,1,9 C2=0,3,6,1,4,2,9,7,5,8
ICZJtjs]O PAIR C1=0,5,1,8,3,6,4,9,2,7 C2=0,3,9,7,5,4,1,6,2,8
ICZJtjswo PAIR C1=0,3,8,2,7,9,6,4,1,5 C2=0,7,3,6,1,9,2,4,5,8
ICZJtjs[o PAIR C1=0,3,8,2,7,9,6,4,1,5 C2=0,7,5,4,2,9,3,6,1,8
ICZJtjsio PAIR C1=0,3,8,2,7,9,6,4,1,5 C2=0,7,3,6,1,8,5,4,2,9
ICZJtjsUo PAIR C1=0,3,8,2,7,9,6,4,1,5 C2=0,7,3,9,1,6,2,4,5,8
ICZJtjsMo PAIR C1=0,3,8,2,7,9,6,4,1,5 C2=0,7,5,4,2,9,3,6,1,8
ICZJtjkwo PAIR C1=0,8,4,6,2,7,5,1,9 C2=0,5,8,2,4,1,6,9,7
ICZJtjqv? PAIR C1=0,7,3,9,1,5,4,6,2,8 C2=0,3,6,8,1,4,2,7,5,9
ICZJtjqn? PAIR C1=0,8,3,7,2,6,1,5,4,9 C2=0,3,6,8,1,4,2,9,5,7
ICZJtjq{O PAIR C1=0,7,3,8,1,5,4,6,2,9 C2=0,3,6,8,2,4,1,9,7,5
ICZJtjqxO PAIR C1=0,5,1,9,2,4,6,8,3,7 C2=0,3,6,1,4,5,9,7,2,8
ICZJtjqtO PAIR C1=1,8,6,2,4,5,7,3,9 C2=1,4,6,3,8,2,7,9,5
ICZJtjq\O PAIR C1=1,8,6,2,4,5,7,3,9 C2=1,4,6,3,8,2,7,9,5
ICZJtjqrO PAIR C1=0,3,8,6,2,7,9,4,1,5 C2=0,7,3,6,1,9,5,4,2,8
ICZJtjqjO PAIR C1=0,7,5,1,8,3,6,4,2,9 C2=0,3,7,9,5,4,1,6,2,8
ICZJtjTu_ PAIR C1=0,5,7,3,6,4,9,1,8 C2=0,3,9,6,1,4,5,8,7
ICZMn`{mO PAIR C1=0,5,4,8,2,7,1,6,3,9 C2=0,3,7,9,2,4,1,8,5,6
ICZLnbw^? PAIR C1=0,7,3,6,2,9,1,5,4,8 C2=0,3,8,1,7,2,4,9,5,6
ICZLnbw]_ PAIR C1=0,7,3,6,2,9,1,5,4,8 C2=0,3,8,2,7,1,4,9,6,5
ICZLnbwV_ PAIR C1=0,7,2,6,3,9,1,5,4,8 C2=0,3,7,1,8,2,4,9,6,5
ICZLnbw]O PAIR C1=0,5,4,8,1,9,2,6,3,7 C2=0,3,8,2,7,9,4,1,5,6
ICZLnbwNO PAIR C1=0,6,3,9,2,8,4,5,1,7 C2=0,3,7,9,5,6,2,4,1,8
ICZLnbwXo PAIR C1=0,7,3,6,2,9,1,5,4,8 C2=0,3,8,1,4,2,7,9,6,5
ICZLnbwTo PAIR C1=0,6,2,8,4,5,1,9,3,7 C2=0,3,8,1,4,2,7,9,6,5
ICZLnbwLo PAIR C1=0,6,3,9,2,8,4,5,1,7 C2=0,3,8,1,4,2,7,9,6,5
ICZLnbwJo PAIR C1=0,6,3,7,1,5,9,4,8 C2=0,3,8,1,4,5,6,9,7
ICZLnbkYo PAIR C1=0,6,5,1,7,2,9,4,8 C2=0,5,8,1,4,2,6,9,7
ICZLn`{u_ PAIR C1=0,6,2,7,3,8,4,5,1,9 C2=0,3,9,6,5,8,2,4,1,7
ICZLn`{{O PAIR C1=0,7,1,5,8,4,2,6,3,9 C2=0,3,8,2,7,9,1,4,5,6
ICZLn`{uO PAIR C1=0,7,2,8,4,1,5,6,3,9 C2=0,3,7,9,1,8,5,4,2,6
ICZLn`{mO PAIR C1=0,6,2,8,4,5,1,7,3,9 C2=0,3,6,5,8,1,4,2,9,7
ICZLn`{]O PAIR C1=0,5,4,8,2,6,3,9,1,7 C2=0,3,7,9,2,4,1,8,5,6
ICZLn`{wo PAIR C1=0,5,4,8,2,9,1,7,3,6 C2=0,3,8,5,1,4,2,6,9,7
ICZLn`{so PAIR C1=1,7,2,8,4,5,6,3,9 C2=1,4,2,6,9,7,3,8,5
ICZLn`{ko PAIR C1=1,7,3,9,2,6,5,4,8 C2=1,4,2,7,9,6,3,8,5
ICZLn`{[o PAIR C1=1,7,3,9,2,6,5,4,8 C2=1,4,2,7,9,6,3,8,5
ICZLn`{qo PAIR C1=0,5,6,3,7,2,8,4,9 C2=0,3,8,5,4,2,6,9,7
ICZLn`{io PAIR C1=0,5,6,3,7,2,8,4,9 C2=0,3,8,5,4,2,6,9,7
ICZLn`{Mo PAIR C1=1,7,3,9,4,5,6,2,8 C2=1,4,2,7,9,6,3,8,5
ICZLn`yn? PAIR C1=0,6,3,8,1,5,4,9,2,7 C2=0,3,7,1,4,2,8,6,5,9
ICZLn`yuO PAIR C1=0,6,2,7,1,5,4,8,3,9 C2=0,3,7,9,1,4,2,8,6,5
ICZLn`y]O PAIR C1=0,6,2,9,3,8,4,5,1,7 C2=0,3,7,9,1,4,2,8,6,5
ICZLn`yxO PAIR C1=0,5,4,8,2,9,1,7,3,6 C2=0,3,8,6,2,4,1,5,9,7
ICZLn`ytO PAIR C1=0,3,9,7,2,6,8,4,1,5 C2=0,6,3,8,2,4,5,9,1,7
ICZLn`ylO PAIR C1=1,7,2,9,3,6,5,4,8 C2=1,4,2,6,8,3,7,9,5
ICZLn`y\O PAIR C1=1,7,2,8,4,5,6,3,9 C2=1,4,2,6,8,3,7,9,5
ICZLn`yrO PAIR C1=0,5,6,3,7,2,8,4,9 C2=0,3,8,6,2,4,5,9,7
ICZLn`yjO PAIR C1=0,5,6,3,7,2,8,4,9 C2=0,3,8,6,2,4,5,9,7
ICZLnbp\_ PAIR C1=0,7,3,6,5,9,1,8 C2=0,5,1,7,8,3,9,6
ICZJnbijO PAIR C1=0,5,6,1,7,2,8,4,9 C2=0,7,9,5,1,4,2,6,8
ICZJnayv? PAIR C1=0,5,4,8,3,9,1,6,2,7 C2=0,3,7,1,4,2,8,6,5,9
ICZJnayn? PAIR C1=0,5,1,6,3,9,4,8,2,7 C2=0,3,7,1,4,2,9,5,6,8
ICZJnayyO PAIR C1=0,5,4,9,1,7,3,6,2,8 C2=0,3,8,6,5,1,4,2,7,9
ICZJnayuO PAIR C1=0,8,4,5,1,7,2,6,3,9 C2=0,3,7,9,1,4,2,8,6,5
ICZJnaymO PAIR C1=0,8,4,5,1,6,3,7,2,9 C2=0,3,9,7,1,4,2,8,6,5
ICZJnayxO PAIR C1=0,5,4,8,2,7,3,6,1,9 C2=0,3,8,6,2,4,1,5,9,7
ICZJnaytO PAIR C1=0,3,9,7,2,6,8,4,1,5 C2=0,7,3,6,1,9,5,4,2,8
ICZJnay\O PAIR C1=1,7,2,8,4,5,6,3,9 C2=1,4,2,6,8,3,7,9,5
ICZJnayrO PAIR C1=0,3,8,6,2,7,9,4,1,5 C2=0,7,3,6,1,9,5,4,2,8
ICZJnayjO PAIR C1=0,5,6,3,7,2,8,4,9 C2=0,3,8,6,2,4,5,9,7
ICZJnaxz? PAIR C1=0,5,4,8,3,6,2,9,1,7 C2=0,3,7,8,2,4,1,6,5,9
ICZJnax]_ PAIR C1=0,7,2,6,3,9,1,5,4,8 C2=0,3,8,7,1,4,2,9,6,5
ICZJnaxx_ PAIR C1=0,5,4,8,3,7,2,6,1,9 C2=0,3,6,9,5,1,4,2,8,7
ICZJnaxt_ PAIR C1=0,3,9,6,2,7,8,4,1,5 C2=0,7,3,6,1,9,5,4,2,8
ICZJnax\_ PAIR C1=0,5,4,8,2,6,1,9,3,7 C2=0,3,6,9,5,1,4,2,7,8
ICZJnaxr_ PAIR C1=0,3,8,7,2,6,9,4,1,5 C2=0,7,3,6,1,9,5,4,2,8
ICZJnaxj_ PAIR C1=0,8,2,6,3,7,1,5,4,9 C2=0,3,8,7,2,4,1,6,9,5
ICZJnaxV_ PAIR C1=0,5,4,9,1,6,2,7,3,8 C2=0,3,6,9,5,1,4,2,8,7
ICZJlrkwo PAIR C1=0,7,4,5,1,9,2,8 C2=0,5,8,1,4,2,7,9
ICZJlp{[o PAIR C1=1,4,2,6,9,7,3,8,5 C2=1,8,2,7,4,5,6,3,9
ICZJlrq|? PAIR C1=0,5,4,7,3,6,1,8,2,9 C2=0,3,8,6,5,9,1,4,2,7
ICZJlrqv? PAIR C1=0,7,4,5,1,9,3,6,2,8 C2=0,3,7,2,4,1,8,6,5,9
ICZJlrqn? PAIR C1=0,7,4,5,1,6,2,9,3,8 C2=0,3,7,2,4,1,8,6,5,9
ICZJlrq^? PAIR C1=0,5,4,7,3,6,1,9,2,8 C2=0,3,9,5,6,8,1,4,2,7
ICZJlrqyO PAIR C1=0,5,4,9,1,8,2,6,3,7 C2=0,3,8,6,5,1,4,2,7,9
ICZJlrqrO PAIR C1=0,3,8,6,2,7,9,4,1,5 C2=0,7,3,6,1,9,5,4,2,8
ICZJlrqjO PAIR C1=0,5,6,3,7,4,9,2,8 C2=0,3,8,6,2,4,5,9,7
ICZJlreyO PAIR C1=0,7,4,9,1,5,6,2,8 C2=0,5,8,6,1,4,2,7,9
ICZJlrUuO PAIR C1=0,7,4,5,6,3,9,1,8 C2=0,3,7,9,4,1,6,8,5
ICZJlpu]O PAIR C1=1,6,5,4,7,2,8,3,9 C2=1,4,2,9,7,3,6,8,5
ICZL^`uyO PAIR C1=0,6,5,4,9,1,8,2,7 C2=0,5,8,6,2,4,1,7,9
ICZH~beyO PAIR C1=0,7,2,9,4,6,5,1,8 C2=0,5,8,6,2,4,1,7,9
ICZH~bpx_ PAIR C1=0,3,8,1,7,2,9,6,4,5 C2=0,8,7,3,6,2,4,1,5,9
ICZH~bpr_ PAIR C1=0,3,8,7,2,6,9,4,1,5 C2=0,7,3,6,5,4,2,8,1,9
ICZH~bpj_ PAIR C1=0,3,8,1,7,2,9,6,4,5 C2=0,8,7,3,6,2,4,1,5,9
ICZH~bpZ_ PAIR C1=0,3,8,1,5,4,6,9,2,7 C2=0,5,9,1,4,2,6,3,7,8
ICZH~bpf_ PAIR C1=0,7,2,6,5,4,9,3,8 C2=0,3,7,8,2,4,6,9,5
ICXmfqu}? PAIR C1=0,8,2,7,4,5,1,6,3,9 C2=0,3,7,1,4,9,2,5,8,6
ICXmfqu|? PAIR C1=0,8,2,7,4,5,1,6,3,9 C2=0,3,7,1,4,2,9,5,8,6
ICXmfquv? PAIR C1=0,6,1,7,3,9,4,5,2,8 C2=0,3,6,8,5,9,1,4,2,7
ICXmfqun? PAIR C1=0,3,6,8,2,5,1,7,4,9 C2=0,6,1,4,2,9,5,8,3,7
ICXmfquy_ PAIR C1=0,7,4,5,2,9,1,6,3,8 C2=0,3,7,2,4,1,5,8,6,9
ICXmfquu_ PAIR C1=0,6,1,5,4,9,3,8,2,7 C2=0,3,7,1,4,2,5,8,6,9
ICXmfqux_ PAIR C1=0,6,3,8,2,7,4,5,1,9 C2=0,3,7,1,4,2,5,9,6,8
ICXmfqul_ PAIR C1=0,7,4,5,1,6,3,8,2,9 C2=0,3,7,1,4,2,5,9,6,8
ICXmfqur_ PAIR C1=0,7,2,8,3,6,1,5,4,9 C2=0,3,7,1,4,2,5,9,6,8
ICXmfZqj_ PAIR C1=0,6,1,8,2,5,7,4,9 C2=0,7,2,4,1,5,9,6,8
ICXmdzw|? PAIR C1=0,8,2,5,4,7,3,9 C2=0,3,8,4,2,9,5,7
ICXmdzwt_ PAIR C1=0,6,3,9,1,5,2,8,4,7 C2=0,3,7,2,4,5,9,6,1,8
ICXmfe{}? PAIR C1=0,7,2,8,4,5,1,6,3,9 C2=0,3,8,5,2,9,4,1,7,6
ICXmfe{v? PAIR C1=0,7,2,5,1,6,3,8,4,9 C2=0,3,9,5,8,2,4,1,7,6
ICXmfe{n? PAIR C1=0,8,4,5,1,6,3,7,2,9 C2=0,3,9,5,8,2,4,1,7,6
ICXmfe{{_ PAIR C1=0,6,3,7,1,9,2,5,4,8 C2=0,3,8,5,1,4,2,7,6,9
ICXmfe{y_ PAIR C1=0,6,3,7,2,9,1,5,4,8 C2=0,3,8,5,2,4,1,7,6,9
ICXmfe{r_ PAIR C1=0,6,3,7,2,5,8,4,9 C2=0,3,8,2,4,5,9,6,7
ICXmfe{j_ PAIR C1=0,6,3,7,2,5,8,4,9 C2=0,3,8,2,4,5,9,6,7
ICXmfU{x_ PAIR C1=0,6,1,7,4,8,5,2,9 C2=0,7,6,9,5,1,4,2,8
ICXmdvwx_ PAIR C1=0,6,3,7,2,9,1,5,4,8 C2=0,3,8,1,4,2,5,9,6,7
ICXmdvkx_ PAIR C1=0,6,1,5,8,4,7,2,9 C2=0,7,6,9,5,2,4,1,8
ICXmdvq}? PAIR C1=1,6,3,8,2,7,4,9 C2=1,4,2,9,3,7,6,8
ICXmdvUv? PAIR C1=0,6,1,5,8,3,9,4,7 C2=0,3,7,6,8,1,4,5,9
ICXmduun? PAIR C1=0,6,3,8,5,4,9,2,7 C2=0,3,9,5,2,4,7,6,8
ICXnfb[n? PAIR C1=0,6,1,5,4,8,3,7,2,9 C2=0,3,6,2,4,9,5,8,1,7
ICXnfb[m_ PAIR C1=0,8,4,5,1,6,2,7,3,9 C2=0,3,6,9,4,2,5,8,1,7
ICXnfb[f_ PAIR C1=0,8,1,7,3,6,2,5,4,9 C2=0,3,8,5,9,6,1,4,2,7
ICXnfb[io PAIR C1=0,8,4,5,1,7,3,6,2,9 C2=0,3,8,5,2,4,1,6,9,7
ICXnfb[bo PAIR C1=0,3,8,5,1,4,2,7,9,6 C2=0,8,1,7,3,6,2,5,4,9
ICXnUiyxO PAIR C1=0,8,4,6,1,7,5,2,9 C2=0,6,8,2,4,1,5,9,7
ICXmvbsn? PAIR C1=0,6,4,5,2,9,3,7,1,8 C2=0,3,6,1,4,9,5,8,2,7
ICXmvbsm_ PAIR C1=0,3,7,2,8,5,1,4,9,6 C2=0,7,1,6,4,5,2,9,3,8
ICXmvbsl_ PAIR C1=0,7,1,5,4,6,3,8,2,9 C2=0,3,7,2,4,1,8,5,9,6
ICXmvbsmO PAIR C1=0,6,4,5,2,9,3,7,1,8 C2=0,3,6,1,5,8,2,4,9,7
ICXmvbslO PAIR C1=0,7,2,9,3,6,4,5,1,8 C2=0,3,7,9,5,8,2,4,1,6
ICXmvbsfO PAIR C1=0,6,4,5,2,7,1,8,3,9 C2=0,3,6,1,4,2,8,5,9,7
ICXmvbsio PAIR C1=0,6,3,8,1,5,4,9,2,7 C2=0,3,7,9,6,1,4,2,5,8
ICXmvbseo PAIR C1=0,6,4,5,1,7,2,8,3,9 C2=0,3,7,9,6,1,4,2,5,8
ICXmvbsho PAIR C1=0,8,1,5,4,6,3,7,2,9 C2=0,3,8,5,2,4,1,6,9,7
ICXmvbsbo PAIR C1=0,6,3,8,2,4,9,5,1,7 C2=0,3,7,2,5,8,1,4,6,9
ICXmva{t_ PAIR C1=0,3,7,2,8,4,1,5,9,6 C2=0,7,1,9,3,6,4,2,5,8
ICXmva{{O PAIR C1=0,6,4,5,1,7,2,8,3,9 C2=0,3,6,1,4,8,5,2,9,7
ICXmva{tO PAIR C1=0,7,1,9,3,6,4,5,2,8 C2=0,3,8,5,9,7,2,4,1,6
ICXmva{lO PAIR C1=0,6,4,5,1,7,3,8,2,9 C2=0,3,6,1,4,2,7,9,5,8
ICXmva{wo PAIR C1=0,7,1,6,3,8,5,4,2,9 C2=0,3,7,9,6,4,1,5,2,8
ICXmva{so PAIR C1=0,7,1,6,4,5,2,8,3,9 C2=0,3,6,9,7,2,4,1,5,8
ICXmva{Xo PAIR C1=0,6,9,1,5,4,2,7,3,8 C2=0,3,6,1,4,8,5,2,9,7
ICXmvay{O PAIR C1=1,7,3,6,4,8,2,9 C2=1,4,2,7,9,3,8,6
ICXmvauv? PAIR C1=0,7,3,6,1,4,5,2,8 C2=0,3,8,5,1,7,2,4,6
ICXmvauyO PAIR C1=0,3,7,9,2,4,1,5,8,6 C2=0,7,2,5,4,9,1,6,3,8
ICXmvauuO PAIR C1=0,3,9,7,2,4,1,5,8,6 C2=0,7,3,6,1,9,4,5,2,8
ICXmvatv? PAIR C1=0,6,4,5,2,8,3,9,1,7 C2=0,3,6,1,4,2,7,8,5,9
ICXmvaty_ PAIR C1=0,3,7,8,5,1,4,2,9,6 C2=0,7,2,5,4,9,1,6,3,8
ICXmvatu_ PAIR C1=0,6,4,5,1,9,3,8,2,7 C2=0,3,7,8,5,2,4,1,6,9
ICXmvatx_ PAIR C1=0,7,1,9,2,5,4,6,3,8 C2=0,3,7,8,2,4,1,5,9,6
ICXmvatr_ PAIR C1=0,3,8,7,2,4,1,5,9,6 C2=0,7,3,6,1,9,4,5,2,8
ICXmtjw|? PAIR C1=0,6,4,5,1,9,3,7,2,8 C2=0,3,6,1,8,4,2,9,5,7
ICXmtjwl_ PAIR C1=0,7,3,8,4,6,1,5,2,9 C2=0,3,6,9,5,7,2,4,1,8
ICXmtjw{O PAIR C1=0,6,4,5,2,7,3,8,1,9 C2=0,3,6,1,5,7,9,2,4,8
ICXmtjwtO PAIR C1=0,7,2,5,4,6,1,8,3,9 C2=0,6,3,7,9,5,1,4,2,8
ICXmtjwlO PAIR C1=0,6,4,1,5,7,2,9,3,8 C2=0,3,6,1,8,2,4,5,9,7
ICXmtjwwo PAIR C1=0,3,8,2,4,1,5,7,9,6 C2=0,7,3,6,1,9,2,5,4,8
ICXmtjwho PAIR C1=0,3,8,2,4,1,5,7,9,6 C2=0,7,3,6,1,8,4,5,2,9
ICXmtjwdo PAIR C1=0,3,8,2,4,1,5,7,9,6 C2=0,7,2,5,4,8,1,6,3,9
ICXmtjkwo PAIR C1=0,7,5,4,6,1,8,2,9 C2=0,6,9,7,2,4,1,5,8
ICXmtjYtO PAIR C1=0,6,1,8,4,5,7,3,9 C2=0,3,8,6,4,1,5,9,7
ICXk~bw|? PAIR C1=0,6,4,5,2,7,3,9,1,8 C2=0,3,6,5,9,2,8,4,1,7
ICXk~bwt_ PAIR C1=0,6,9,3,8,4,2,5,1,7 C2=0,3,7,2,8,1,4,6,5,9
ICXk~bw{O PAIR C1=0,8,2,7,3,6,4,5,1,9 C2=0,3,8,4,1,7,9,2,5,6
ICXk~bwtO PAIR C1=0,7,2,5,4,6,3,9,1,8 C2=0,3,8,2,4,1,7,9,5,6
ICXk~bwwo PAIR C1=0,7,1,5,4,6,3,8,2,9 C2=0,3,7,9,6,5,2,4,1,8
ICXk~bwpo PAIR C1=0,8,2,7,3,6,4,5,9 C2=0,3,8,4,2,5,6,9,7
ICXk~bwdo PAIR C1=0,6,4,5,9,3,8,2,7 C2=0,3,7,9,6,5,2,4,8
ICXk~bkwo PAIR C1=0,7,1,8,4,6,5,2,9 C2=0,6,9,7,2,4,1,5,8
ICXk~bixO PAIR C1=0,8,4,6,5,2,7,1,9 C2=0,6,8,2,4,1,5,9,7
ICXk~bpv? PAIR C1=0,6,4,5,2,8,1,7,3,9 C2=0,3,6,5,9,1,4,2,7,8
ICXk~bp{_ PAIR C1=0,6,4,5,2,9,3,8,1,7 C2=0,3,7,8,2,4,1,5,6,9
ICXk~bpy_ PAIR C1=0,7,1,5,2,8,3,6,4,9 C2=0,3,7,2,9,6,5,4,1,8
ICXk~bpr_ PAIR C1=0,3,8,7,2,4,1,5,9,6 C2=0,7,3,6,4,5,2,8,1,9
ICXk~bpf_ PAIR C1=0,8,2,7,1,5,4,6,3,9 C2=0,3,7,8,1,4,2,5,9,6
ICY^Fp{|? PAIR C1=0,5,4,7,3,8,1,9 C2=0,3,9,5,8,4,1,7
ICY^Fpu}? PAIR C1=0,6,1,8,2,7,4,5,3,9 C2=0,3,7,1,4,9,2,6,8,5
ICY^Fpuv? PAIR C1=0,5,4,7,2,8,3,9,1,6 C2=0,3,7,1,4,2,6,8,5,9
ICY^Fpu^? PAIR C1=0,5,4,9,3,8,2,6,1,7 C2=0,3,7,2,4,1,9,5,8,6
ICY^Fpuu_ PAIR C1=0,5,4,7,1,6,2,8,3,9 C2=0,3,5,8,6,9,1,4,2,7
ICY^Fpur_ PAIR C1=0,6,2,7,4,5,3,8,1,9 C2=0,3,7,1,4,2,8,6,9,5
ICY^Fpuf_ PAIR C1=0,7,2,6,1,8,3,5,4,9 C2=0,3,7,1,4,2,8,6,9,5
ICY^Bzq}? PAIR C1=0,5,4,7,2,8,3,9,1,6 C2=0,3,5,7,1,4,9,2,6,8
ICY^Bzq^? PAIR C1=0,5,4,7,2,6,1,9,3,8 C2=0,3,7,5,9,2,4,1,8,6
ICY^Bzqu_ PAIR C1=0,6,2,8,3,5,4,7,1,9 C2=0,3,9,6,8,1,4,2,7,5
ICY^Bzqr_ PAIR C1=0,6,2,8,1,4,7,3,5,9 C2=0,3,8,6,9,1,7,2,4,5
ICY^Bvs}? PAIR C1=0,6,1,9,3,5,4,7,2,8 C2=0,3,7,6,2,9,4,1,8,5
ICY^Bvs|? PAIR C1=0,5,4,7,3,9,2,6,1,8 C2=0,3,8,5,9,1,4,2,7,6
ICY^Bvsv? PAIR C1=0,5,4,7,2,8,3,9,1,6 C2=0,3,7,6,2,4,1,8,5,9
ICY^Bvs^? PAIR C1=0,5,3,8,2,9,4,7,1,6 C2=0,3,7,6,2,4,1,9,5,8
ICY^Bvsu_ PAIR C1=0,6,2,8,3,5,4,7,1,9 C2=0,3,9,6,7,2,4,1,8,5
ICY^Bvs]_ PAIR C1=0,6,1,9,3,5,4,7,2,8 C2=0,3,7,6,9,2,4,1,8,5
ICY^Bvsr_ PAIR C1=0,8,2,6,1,7,3,5,4,9 C2=0,3,8,1,4,2,7,6,9,5
ICY^Bvsf_ PAIR C1=0,6,2,8,5,3,7,4,9 C2=0,5,4,2,7,6,9,3,8
ICY^Bvkx_ PAIR C1=0,6,1,8,5,4,7,2,9 C2=0,5,9,6,7,1,4,2,8
ICY^Bt{\_ PAIR C1=1,6,2,8,5,4,7,3,9 C2=1,4,2,7,6,9,5,3,8
ICY^fbk^? PAIR C1=0,5,4,8,2,7,3,9,1,6 C2=0,3,6,2,4,9,5,8,1,7
ICY^fbk]_ PAIR C1=0,5,4,8,2,9,1,6,3,7 C2=0,3,5,8,1,7,2,4,9,6
ICY^fbkZ_ PAIR C1=0,6,1,7,3,5,4,9,2,8 C2=0,3,6,9,5,8,1,4,2,7
ICY^fbkV_ PAIR C1=0,5,4,9,3,7,1,6,2,8 C2=0,3,6,9,5,8,1,4,2,7
ICY^fbkXo PAIR C1=0,3,7,9,6,1,4,2,8,5 C2=0,6,3,5,4,8,1,9,2,7
ICY^Vbs^? PAIR C1=0,5,4,6,1,8,3,9,2,7 C2=0,3,7,1,4,9,5,8,2,6
ICY^Vbs]_ PAIR C1=0,5,4,6,2,9,1,8,3,7 C2=0,3,5,8,2,7,1,4,9,6
ICY^Vbs\_ PAIR C1=0,5,4,6,2,8,3,9,1,7 C2=0,3,7,2,4,1,8,5,9,6
ICY^VbsZ_ PAIR C1=0,5,3,8,2,6,4,9,1,7 C2=0,3,7,2,4,1,6,9,5,8
ICY^VbsV_ PAIR C1=0,5,4,9,3,8,2,6,1,7 C2=0,3,7,2,4,1,8,5,9,6
ICY^Vbs]O PAIR C1=0,5,4,6,2,9,3,7,1,8 C2=0,3,5,8,2,7,9,4,1,6
ICY^VbsZO PAIR C1=0,5,3,8,1,9,4,6,2,7 C2=0,3,7,9,5,8,2,4,1,6
ICY^VbsYo PAIR C1=0,5,4,6,1,9,2,7,3,8 C2=0,3,5,8,1,4,2,6,9,7
ICY^VbsUo PAIR C1=0,5,4,9,1,6,2,8,3,7 C2=0,3,5,8,1,4,2,7,9,6
ICY^VbsXo PAIR C1=0,7,3,5,4,6,2,9,1,8 C2=0,3,8,5,9,7,2,4,1,6
ICY^VbsRo PAIR C1=0,6,4,9,5,3,7,1,8 C2=0,3,8,5,4,1,6,9,7
ICY^VbsFo PAIR C1=0,6,2,7,9,4,5,3,8 C2=0,5,8,2,4,6,9,3,7
ICY^V`{t_ PAIR C1=0,3,7,2,8,4,1,6,9,5 C2=0,6,2,4,5,8,3,9,1,7
ICY^V`{{O PAIR C1=0,5,4,6,1,9,3,8,2,7 C2=0,3,5,8,4,1,7,9,2,6
ICY^V`{xO PAIR C1=0,7,2,8,3,5,4,6,1,9 C2=0,3,7,9,5,8,1,4,2,6
ICY^V`{tO PAIR C1=0,5,3,9,1,6,4,8,2,7 C2=0,3,7,9,5,8,1,4,2,6
ICY^V`{so PAIR C1=0,6,2,7,1,8,4,5,3,9 C2=0,3,7,9,6,1,4,2,8,5
ICY^V`{po PAIR C1=0,7,3,8,1,6,4,5,9 C2=0,3,5,8,4,1,7,9,6
ICY^V`{To PAIR C1=0,6,4,5,9,3,8,1,7 C2=0,3,7,9,6,1,4,8,5
ICY^V`y{O PAIR C1=0,6,1,8,4,2,7,3,9 C2=0,3,8,2,6,4,1,9,7
ICY^V`t|? PAIR C1=0,5,4,6,1,7,2,8,3,9 C2=0,3,7,8,5,9,1,4,2,6
ICY^V`tz? PAIR C1=0,5,3,8,1,6,4,9,2,7 C2=0,3,7,8,5,9,1,4,2,6
ICY^V`t^? PAIR C1=0,5,4,6,1,8,3,9,2,7 C2=0,3,7,8,5,9,1,4,2,6
ICY^V`tu_ PAIR C1=0,3,9,6,1,4,2,7,8,5 C2=0,6,2,8,3,5,4,9,1,7
ICY^V`tr_ PAIR C1=0,3,8,7,2,4,1,6,9,5 C2=0,6,2,8,1,9,4,5,3,7
ICY^V`tf_ PAIR C1=0,5,8,3,9,4,6,2,7 C2=0,3,7,8,2,4,5,9,6
ICY^Nbw^? PAIR C1=0,6,1,8,4,5,3,9,2,7 C2=0,3,7,1,4,9,5,6,2,8
ICY^Nbw]_ PAIR C1=0,5,4,8,1,6,2,9,3,7 C2=0,3,5,6,9,4,1,7,2,8
ICY^Nbw\_ PAIR C1=0,3,7,2,8,4,1,6,9,5 C2=0,6,5,4,2,9,3,8,1,7
ICY^NbwV_ PAIR C1=0,6,2,4,8,3,5,9,1,7 C2=0,3,7,2,8,1,4,9,6,5
ICY^Nbw]O PAIR C1=0,6,2,9,1,8,4,5,3,7 C2=0,3,8,2,7,9,4,1,6,5
ICY^NbwZO PAIR C1=0,6,2,9,4,5,3,8,1,7 C2=0,3,7,9,5,6,1,4,2,8
ICY^NbwVO PAIR C1=0,6,1,9,4,5,3,8,2,7 C2=0,3,7,9,5,6,2,4,1,8
ICY^NbwUo PAIR C1=0,6,2,7,3,5,4,9,1,8 C2=0,3,8,2,4,1,7,9,6,5
ICY^NbwTo PAIR C1=0,5,4,8,2,6,1,9,3,7 C2=0,3,5,6,9,7,2,4,1,8
ICY^NbwRo PAIR C1=0,6,1,7,3,5,9,4,8 C2=0,3,8,1,4,5,6,9,7
ICY^NbwFo PAIR C1=0,6,2,4,5,9,7,3,8 C2=0,3,5,6,9,4,8,2,7
ICY^N`{{_ PAIR C1=0,3,7,2,9,6,1,4,8,5 C2=0,6,5,4,2,8,3,9,1,7
ICY^N`{u_ PAIR C1=0,5,4,8,3,7,2,6,1,9 C2=0,3,9,6,5,8,2,4,1,7
ICY^N`{yO PAIR C1=0,5,3,8,4,9,2,6,1,7 C2=0,3,7,9,1,4,2,8,5,6
ICY^N`{]O PAIR C1=0,5,4,8,3,9,1,6,2,7 C2=0,3,7,9,2,4,1,8,5,6
ICY^N`{wo PAIR C1=0,3,7,1,9,2,8,4,5,6 C2=0,5,3,8,1,4,2,6,9,7
ICY^N`{so PAIR C1=0,5,4,8,2,6,1,7,3,9 C2=0,3,5,8,1,4,2,7,9,6
ICY^N`{[o PAIR C1=1,6,5,4,8,3,9,2,7 C2=1,4,2,6,9,7,3,5,8
ICY^N`{qo PAIR C1=0,6,5,3,7,2,8,4,9 C2=0,3,8,5,4,2,6,9,7
ICY^NbiZO PAIR C1=0,6,5,4,9,2,8,1,7 C2=0,5,9,7,2,4,1,6,8
ICY^N`yv? PAIR C1=0,5,4,8,3,7,2,6,1,9 C2=0,3,9,5,6,8,2,4,1,7
ICY^N`y{O PAIR C1=0,5,4,8,3,9,2,6,1,7 C2=0,3,5,6,8,1,4,2,7,9
ICY^N`yuO PAIR C1=0,5,4,8,3,9,1,6,2,7 C2=0,3,5,6,8,2,4,1,7,9
ICY^N`y]O PAIR C1=0,6,2,9,1,8,4,5,3,7 C2=0,3,9,7,1,4,2,8,6,5
ICY^N`yxO PAIR C1=0,6,1,8,4,5,3,7,2,9 C2=0,3,8,6,2,4,1,7,9,5
ICY^N`ytO PAIR C1=1,6,5,4,8,2,7,3,9 C2=1,4,2,6,8,3,5,9,7
ICY^N`y\O PAIR C1=0,6,2,8,4,5,3,9,1,7 C2=0,3,8,6,1,4,2,7,9,5
ICY^N`yrO PAIR C1=0,6,5,3,7,2,8,4,9 C2=0,3,8,6,2,4,5,9,7
ICY^N`yVO PAIR C1=1,7,3,9,4,5,6,2,8 C2=1,4,2,7,9,5,3,8,6
ICY^Nbp\_ PAIR C1=0,7,3,9,5,6,2,8 C2=0,5,3,8,7,2,9,6
ICY]nbwZO PAIR C1=0,7,2,9,1,6,3,5,4,8 C2=0,3,8,2,4,1,7,9,5,6
ICdffZk]_ PAIR C1=0,4,8,2,6,3,9,1,5,7 C2=0,3,4,7,1,8,5,2,9,6
ICdffZkZ_ PAIR C1=0,6,1,9,4,7,5,2,8 C2=0,4,8,1,5,9,6,2,7
ICdffX{z? PAIR C1=0,4,8,3,6,1,9,2,5,7 C2=0,3,4,9,5,8,1,7,2,6
ICdffX{{_ PAIR C1=0,4,8,2,6,3,9,1,5,7 C2=0,3,4,7,1,8,5,2,9,6
ICdffX{y_ PAIR C1=0,3,8,2,6,1,5,7,4,9 C2=0,4,3,6,9,1,8,5,2,7
ICdffX{u_ PAIR C1=0,3,6,1,8,2,5,7,4,9 C2=0,4,3,8,5,1,9,6,2,7
ICdffX{t_ PAIR C1=0,6,1,5,7,4,8,3,9 C2=0,4,3,6,9,5,8,1,7
ICdffX{r_ PAIR C1=0,6,3,8,2,5,7,4,9 C2=0,3,4,8,5,9,6,2,7
ICdffT{}? PAIR C1=0,6,2,7,1,8,4,3,9 C2=0,3,8,2,9,1,6,7,4
ICdfNrw]_ PAIR C1=0,6,2,9,1,8,4,3,7 C2=0,3,8,2,7,1,6,9,4
ICdfNrw\_ PAIR C1=0,4,7,3,9,2,5,6,1,8 C2=0,3,4,8,2,7,1,5,9,6
ICdfNp{|? PAIR C1=0,3,9,2,8,5,6,1,7,4 C2=0,6,2,7,3,4,8,1,5,9
ICdfNp{^? PAIR C1=0,3,8,4,7,1,9,2,5,6 C2=0,4,3,9,5,8,1,6,2,7
ICdfNp{{_ PAIR C1=0,3,9,2,5,6,1,8,4,7 C2=0,4,3,7,2,8,5,1,9,6
ICdfNp{]_ PAIR C1=0,3,9,4,8,2,6,5,1,7 C2=0,4,3,7,2,5,8,1,9,6
ICdfNp{t_ PAIR C1=0,6,5,1,8,4,7,3,9 C2=0,4,3,8,5,9,6,1,7
ICdfNp{V_ PAIR C1=0,6,5,1,8,3,9,4,7 C2=0,3,7,1,6,9,5,8,4
ICdfNh{{_ PAIR C1=0,7,5,2,6,1,8,3,9 C2=0,3,7,2,8,5,1,9,6
ICdfJx{]_ PAIR C1=1,5,6,2,7,3,9,4,8 C2=1,6,9,2,5,8,3,4,7
ICdfJnw|? PAIR C1=0,6,5,1,7,3,9,2,8 C2=0,3,8,1,6,7,2,5,9
IEhfeY{^? PAIR C1=0,4,8,2,5,1,9,3,6 C2=0,3,1,6,2,4,9,5,8
IEhfeY{]_ PAIR C1=0,3,9,2,6,1,5,7,4,8 C2=0,6,9,4,2,5,8,3,1,7
IEhfeY{\_ PAIR C1=0,3,9,2,8,4,7,5,1,6 C2=0,4,2,6,9,5,8,3,1,7
IEhfeY{N_ PAIR C1=0,6,1,5,7,4,9,3,8 C2=0,4,8,5,9,6,3,1,7
IEhfeY{\O PAIR C1=0,4,7,5,1,9,2,8,3,6 C2=0,3,1,6,2,4,8,5,9,7
IEhfeY{VO PAIR C1=0,4,9,1,7,5,2,8,3,6 C2=0,3,1,6,2,4,8,5,9,7
IEhfeY{NO PAIR C1=0,6,3,9,4,7,1,5,2,8 C2=0,3,1,6,2,4,8,5,9,7
IEhfeY{Yo PAIR C1=0,6,3,8,4,9,2,5,1,7 C2=0,3,1,6,9,7,5,8,2,4
IEhfeY{Uo PAIR C1=0,7,1,5,2,6,3,9,4,8 C2=0,3,1,6,9,7,5,8,2,4
IEhfeY{Mo PAIR C1=0,7,1,5,2,6,3,9,4,8 C2=0,3,1,6,9,7,5,8,2,4
IEhfeY{Xo PAIR C1=0,6,3,8,5,1,9,2,4,7 C2=0,3,1,6,9,7,5,2,8,4
IEhfeY{To PAIR C1=0,6,3,9,5,2,8,4,7 C2=0,3,8,5,7,9,6,2,4
IEhfeY{Lo PAIR C1=0,6,3,9,5,2,8,4,7 C2=0,3,8,5,7,9,6,2,4
IEhfeYy]O PAIR C1=0,6,1,9,3,8,4,7 C2=0,4,9,7,1,3,6,8
IEhfeXymO PAIR C1=0,7,4,8,6,1,3,9 C2=0,4,9,7,1,8,3,6
IEhfeW}yO PAIR C1=0,6,3,8,4,7,1,5,2,9 C2=0,3,1,9,7,5,8,6,2,4
IEhfeW}uO PAIR C1=0,6,3,9,4,8,2,5,1,7 C2=0,3,1,9,7,5,8,6,2,4
IEhfeW}]O PAIR C1=0,6,1,5,2,9,3,8,4,7 C2=0,3,1,9,7,5,8,6,2,4
IEhfeW}rO PAIR C1=0,6,3,8,4,9,1,5,7 C2=0,3,1,6,8,5,9,7,4
IEhfeY\V_ PAIR C1=0,6,3,8,4,9,1,5,7 C2=0,3,1,6,9,5,8,7,4
IEhfdZ[^? PAIR C1=0,6,3,9,2,4,7,5,1,8 C2=0,4,9,5,8,3,1,6,2,7
IEhfdZ[Z_ PAIR C1=0,4,7,5,1,9,2,6,3,8 C2=0,3,1,6,9,5,8,4,2,7
IEhfdZ[N_ PAIR C1=0,4,7,5,1,8,3,9,2,6 C2=0,3,1,6,9,5,8,4,2,7
IEhfdZ[\O PAIR C1=0,4,7,5,2,9,1,8,3,6 C2=0,3,1,6,2,4,8,5,9,7
IEhfdZ[Yo PAIR C1=0,6,3,8,4,9,1,5,2,7 C2=0,3,1,8,5,7,9,6,2,4
IEhfdZ[Mo PAIR C1=0,7,2,5,1,6,3,9,4,8 C2=0,3,1,8,5,7,9,6,2,4
IEhfdZ[Xo PAIR C1=0,3,6,1,9,2,5,8,4,7 C2=0,4,2,6,9,7,5,1,3,8
IEhfdZ[Lo PAIR C1=0,6,3,9,5,2,7,4,8 C2=0,3,8,5,7,9,6,2,4
IEhfdZ[Ro PAIR C1=0,6,3,8,1,5,9,4,7 C2=0,3,1,6,9,7,5,8,4
IEhfdZY]O PAIR C1=0,7,4,2,9,1,6,3,8 C2=0,3,1,8,6,2,7,9,4
IEhfdX]z? PAIR C1=0,4,7,5,1,8,3,6,2,9 C2=0,3,1,6,8,5,9,4,2,7
IEhfdX]yO PAIR C1=0,7,4,8,3,6,1,5,2,9 C2=0,3,1,9,7,5,8,6,2,4
IEhfdX]]O PAIR C1=0,6,1,5,2,9,3,8,4,7 C2=0,3,1,9,7,5,8,6,2,4
IEhfdX]xO PAIR C1=0,7,4,8,3,6,2,5,1,9 C2=0,3,1,6,8,5,9,7,2,4
IEhfdX]lO PAIR C1=0,7,4,8,1,5,2,6,3,9 C2=0,3,1,6,8,5,9,7,2,4
IEhfdX]jO PAIR C1=0,6,3,8,1,5,2,9,4,7 C2=0,3,1,6,8,5,9,7,2,4
IEhfdY\\_ PAIR C1=0,6,2,5,1,9,3,8,4,7 C2=0,3,1,6,9,5,8,7,2,4
IEhfdY\N_ PAIR C1=0,6,2,5,7,4,9,3,8 C2=0,3,6,9,5,8,7,2,4
IEhfdW|t_ PAIR C1=0,6,2,5,1,9,3,8,4,7 C2=0,3,1,6,9,5,8,7,2,4
IEhfdW|f_ PAIR C1=0,6,2,5,7,4,8,3,9 C2=0,3,6,9,5,8,7,2,4
IEhfczwYo PAIR C1=0,6,3,7,4,9,1,8 C2=0,4,8,3,1,6,9,7
IEhfczsJo PAIR C1=0,6,3,7,4,9,5,2,8 C2=0,3,8,5,7,9,6,2,4
IEhfczeNO PAIR C1=0,6,3,9,4,7,5,2,8 C2=0,3,7,9,5,8,6,2,4
IEhfcxm}? PAIR C1=0,3,1,9,2,6,8,5,7,4 C2=0,6,1,5,2,8,4,9,3,7
IEhfcxmuO PAIR C1=0,6,1,5,2,8,4,9,3,7 C2=0,3,1,9,7,5,8,6,2,4
IEhfcxm]O PAIR C1=0,6,3,9,2,5,1,8,4,7 C2=0,3,1,9,7,5,8,6,2,4
IEhfcxmtO PAIR C1=0,6,3,7,4,8,2,5,9 C2=0,3,9,7,5,8,6,2,4
IEhfcxmlO PAIR C1=0,6,3,7,4,8,2,5,9 C2=0,3,9,7,5,8,6,2,4
IEhfcxmrO PAIR C1=0,6,3,7,5,1,8,4,9 C2=0,3,1,6,8,5,9,7,4
IEhfcxmjO PAIR C1=0,6,3,7,5,1,8,4,9 C2=0,3,1,6,8,5,9,7,4
IEhfcxmZO PAIR C1=0,6,3,1,9,4,8,2,5,7 C2=0,3,7,9,5,1,8,6,2,4
IEhfcxmVO PAIR C1=0,6,3,9,4,8,1,5,7 C2=0,3,1,6,8,5,9,7,4
IEhfcxmNO PAIR C1=0,6,3,9,4,8,1,5,7 C2=0,3,1,6,8,5,9,7,4
IEhf`zkv? PAIR C1=0,4,8,2,5,1,6,3,9 C2=0,3,1,8,5,9,4,2,6
IEhf`zkr_ PAIR C1=0,3,6,2,8,1,5,7,4,9 C2=0,4,2,7,3,1,6,9,5,8
IEhf`zkuO PAIR C1=0,3,1,6,2,8,5,7,9,4 C2=0,6,3,9,1,5,2,7,4,8
IEhf`zkeo PAIR C1=0,8,2,5,1,6,3,7,4,9 C2=0,3,1,8,5,7,9,6,2,4
IEhf`zkUo PAIR C1=0,6,3,7,4,9,1,5,2,8 C2=0,3,1,8,5,7,9,6,2,4
IEhf`zkFo PAIR C1=0,6,3,7,4,9,5,1,8 C2=0,3,1,6,9,7,5,8,4
IEhf`y]xO PAIR C1=0,6,3,8,4,7,5,2,9 C2=0,3,7,9,5,8,6,2,4
IEhetrsYo PAIR C1=0,4,6,1,9,2,7,3,8 C2=0,3,1,8,2,4,7,9,6
IEhetpuyO PAIR C1=0,4,7,2,9,1,8,3,6 C2=0,3,1,6,8,2,4,9,7
IEhetpuZO PAIR C1=0,6,3,8,1,5,2,9,4,7 C2=0,3,1,6,8,5,9,7,2,4
IEhetjwYo PAIR C1=0,6,4,2,9,1,8,3,7 C2=0,3,1,6,9,7,2,8,4
IEhetjk^? PAIR C1=0,3,6,4,8,2,9,1,5,7 C2=0,6,1,3,7,2,4,9,5,8
IEhetjkZ_ PAIR C1=0,4,6,3,7,5,1,9,2,8 C2=0,3,1,6,9,5,8,4,2,7
IEhetjk]O PAIR C1=0,7,3,6,4,9,2,5,1,8 C2=0,4,2,8,5,7,9,3,1,6
IEhetjkVO PAIR C1=0,3,7,9,4,6,1,5,2,8 C2=0,6,3,1,9,5,8,4,2,7
IEhethmmO PAIR C1=0,6,3,9,4,8,1,5,2,7 C2=0,3,1,6,8,5,7,9,2,4
IEhethm]O PAIR C1=0,6,3,9,4,8,1,5,2,7 C2=0,3,1,6,8,5,7,9,2,4
IEhethmlO PAIR C1=0,7,3,6,4,8,1,5,2,9 C2=0,3,1,6,8,5,9,7,2,4
IEherjsho PAIR C1=0,6,1,8,3,7,5,9 C2=0,3,6,9,7,1,5,8
IEherjkn? PAIR C1=0,8,4,6,3,1,7,5,2,9 C2=0,3,7,2,4,9,5,8,1,6
IEherjkl_ PAIR C1=0,4,6,1,5,7,3,9,2,8 C2=0,3,1,7,2,4,8,5,9,6
IEherjkj_ PAIR C1=0,4,6,3,7,5,1,8,2,9 C2=0,3,1,7,2,4,8,5,9,6
IEherjkN_ PAIR C1=1,6,4,9,3,7,5,2,8 C2=1,3,6,9,5,8,4,2,7
IEherjkmO PAIR C1=0,8,4,6,3,7,1,5,2,9 C2=0,4,2,8,5,7,9,3,1,6
IEherjkjO PAIR C1=0,3,7,5,1,6,4,8,2,9 C2=0,4,2,7,9,5,8,1,3,6
IEherim|? PAIR C1=0,8,4,2,5,7,3,6,1,9 C2=0,3,1,7,2,9,5,8,6,4
IEherimuO PAIR C1=0,4,8,2,7,5,1,6,3,9 C2=0,3,1,7,9,4,2,5,8,6
IEherim]O PAIR C1=0,6,3,7,2,5,1,9,4,8 C2=0,3,1,6,8,5,7,9,2,4
IEherim\O PAIR C1=0,3,7,5,2,9,1,6,4,8 C2=0,4,2,7,9,3,1,5,8,6
IEherimrO PAIR C1=0,3,1,5,9,7,2,8,6,4 C2=0,6,3,7,1,9,4,2,5,8
IEherhmmO PAIR C1=0,6,3,7,1,5,2,8,4,9 C2=0,3,1,6,8,5,7,9,2,4
IEherhmNO PAIR C1=1,6,4,9,3,7,5,2,8 C2=1,3,6,8,4,2,7,9,5
IEherZsn? PAIR C1=0,3,6,4,9,2,5,7,1,8 C2=0,4,7,2,8,5,9,3,1,6
IEherZsj_ PAIR C1=0,6,3,8,1,7,5,2,4,9 C2=0,3,1,6,9,5,8,2,7,4
IEherZsN_ PAIR C1=0,6,3,9,4,2,5,7,1,8 C2=0,3,1,6,9,5,8,2,7,4
IEherZsio PAIR C1=0,3,1,5,8,2,7,9,6,4 C2=0,6,3,8,1,7,5,2,4,9
IEherYy{O PAIR C1=0,4,7,2,8,3,6,1,9 C2=0,3,1,7,9,2,4,8,6
IEherYy\O PAIR C1=0,6,4,7,5,1,3,9,2,8 C2=0,3,8,6,1,7,9,5,2,4
IEherYuz? PAIR C1=0,4,7,5,1,6,3,8,2,9 C2=0,3,1,7,2,4,9,5,8,6
IEherYuuO PAIR C1=0,4,6,1,5,7,2,8,3,9 C2=0,3,1,7,9,4,2,5,8,6
IEherYu]O PAIR C1=0,6,3,9,4,7,1,5,2,8 C2=0,3,1,6,8,5,7,9,2,4
IEherYulO PAIR C1=0,8,2,5,1,7,4,6,3,9 C2=0,3,1,6,8,5,9,7,2,4
IEherYuZO PAIR C1=0,3,6,4,9,1,7,5,8 C2=0,4,7,9,5,1,3,8,6
IEhbtjkv? PAIR C1=0,8,4,2,6,3,7,5,1,9 C2=0,3,1,6,4,9,5,8,2,7
IEhbtjku_ PAIR C1=0,7,3,6,4,8,2,5,1,9 C2=0,3,1,8,5,7,2,6,9,4
IEhbtjkr_ PAIR C1=0,4,9,1,5,7,3,6,2,8 C2=0,3,1,6,9,5,8,4,2,7
IEhbtjkso PAIR C1=0,8,4,6,1,5,2,7,3,9 C2=0,3,1,8,5,7,9,6,2,4
IEhbtjYyO PAIR C1=0,4,6,8,3,1,9,2,7 C2=0,3,7,9,4,2,6,1,8
IEhvAy{yO PAIR C1=0,8,3,5,1,7,4,9 C2=0,3,1,9,7,5,8,4
IEhvAzqho PAIR C1=0,6,1,8,3,7,5,9 C2=0,3,5,1,7,9,6,8
IQhTVrU]_ PAIR C1=0,6,4,7,3,9,1,8 C2=0,4,9,6,8,3,1,7
IQhTVj[^? PAIR C1=0,7,5,1,9,2,4,8 C2=0,2,7,1,8,5,9,4
IQhTVh]}? PAIR C1=0,7,1,5,3,8,4,6,2,9 C2=0,2,4,9,1,3,7,5,8,6
IQhTVh]|? PAIR C1=0,4,8,3,7,5,1,9,2,6 C2=0,2,4,6,8,5,9,3,1,7
IQhVTrsUo PAIR C1=0,4,6,2,8,1,9,3,7 C2=0,2,4,7,9,6,1,3,8
IQhVUi{^? PAIR C1=0,2,9,1,7,5,3,8,4,6 C2=0,7,3,1,6,2,4,9,5,8
IQhVUi{\_ PAIR C1=0,4,6,2,9,1,7,5,3,8 C2=0,2,4,8,5,9,6,1,3,7
IQhVUi{]O PAIR C1=0,6,4,8,2,9,3,5,1,7 C2=0,2,6,1,3,8,5,7,9,4
IQhVUi{NO PAIR C1=0,7,1,5,3,9,4,6,2,8 C2=0,2,4,8,5,9,7,3,1,6
IQhVUi{[o PAIR C1=0,6,1,9,2,8,3,5,7 C2=0,2,6,9,7,3,1,5,8
IQhVUi{Yo PAIR C1=0,6,1,9,2,8,3,5,7 C2=0,2,6,9,7,3,1,5,8
IQhVUi{To PAIR C1=0,2,8,4,6,1,5,9,3,7 C2=0,4,2,6,9,7,1,3,5,8
IQhVUi{Lo PAIR C1=0,2,8,4,6,9,3,5,1,7 C2=0,4,2,9,7,5,8,3,1,6
IQhVUiy]O PAIR C1=0,6,2,4,8,3,9,1,7 C2=0,2,8,6,1,3,7,9,4
IQhVUiy\O PAIR C1=0,4,8,2,9,3,5,7,1,6 C2=0,2,4,6,8,3,1,5,9,7
IQhVTj[^? PAIR C1=0,2,9,3,8,4,6,1,5,7 C2=0,4,9,5,8,1,3,7,2,6
IQhVTj[V_ PAIR C1=0,6,2,4,9,3,8,1,5,7 C2=0,2,7,3,1,6,9,5,8,4
IQhVTj[]O PAIR C1=0,6,4,8,1,5,3,9,2,7 C2=0,2,6,1,3,8,5,7,9,4
IQhVTj[NO PAIR C1=0,7,2,6,4,9,3,5,1,8 C2=0,2,4,8,5,9,7,3,1,6
IQhVTj[[o PAIR C1=0,2,6,4,8,1,9,3,7 C2=0,4,2,7,9,6,1,3,8
IQhVTj[Yo PAIR C1=0,2,7,3,5,8,1,9,4,6 C2=0,4,2,6,9,7,5,1,3,8
IQhVTj[Uo PAIR C1=0,2,7,5,3,9,1,8,4,6 C2=0,4,2,6,9,7,3,1,5,8
IQhVTj[Fo PAIR C1=0,4,8,1,5,3,9,6,2,7 C2=0,2,4,9,7,5,8,3,1,6
IQhVTh]{O PAIR C1=0,6,1,8,3,5,7,2,9 C2=0,2,6,8,5,1,3,9,7
IQhVTh]uO PAIR C1=0,2,7,5,3,8,4,6,1,9 C2=0,4,2,6,8,5,1,3,9,7
IQhVTh]lO PAIR C1=0,6,2,7,5,1,8,3,9 C2=0,2,9,5,8,6,1,3,7
IQhVTjT\_ PAIR C1=0,6,1,9,2,7,5,8 C2=0,2,6,9,5,1,8,7
IQjRazim_ PAIR C1=0,8,4,7,1,5,3,6,2,9 C2=0,2,4,9,6,8,1,3,7,5
IQjRazil_ PAIR C1=0,4,8,1,6,2,9,3,7,5 C2=0,2,4,7,1,3,5,9,6,8
IQjRazif_ PAIR C1=0,5,7,3,6,1,8,4,9 C2=0,4,7,1,3,5,9,6,8
IQjRazijO PAIR C1=0,5,3,7,1,6,2,8,4,9 C2=0,2,4,7,9,5,1,3,6,8
IQjRazibo PAIR C1=0,4,9,5,7,1,6,2,8 C2=0,2,4,7,9,6,8,1,5
IQjRazeko PAIR C1=0,8,1,7,5,3,6,2,9 C2=0,2,8,6,9,7,3,1,5
IQjRazMeo PAIR C1=0,5,7,3,1,6,8,4,9 C2=0,4,7,9,6,3,5,1,8
IQjRayl}? PAIR C1=0,2,9,4,7,1,3,5,8 C2=0,4,2,8,7,3,9,1,5
IQjRayNu_ PAIR C1=0,4,7,5,1,3,9,6,8 C2=0,5,3,6,1,7,8,4,9
