H?~vfrs PAIR C1=0,6,3,5,1,8,2,4,7 C2=0,4,1,6,2,7,3,8,5
HCZvvrw PAIR C1=0,5,3,6,4,2,8,1,7 C2=0,3,8,4,7,2,5,1,6
HCZvvrs PAIR C1=0,5,3,7,2,8,1,4,6 C2=0,3,6,2,4,7,1,5,8
HCxvvjw PAIR C1=0,7,1,5,3,6,4,2,8 C2=0,3,7,5,2,6,1,8,4
HCx~frs PAIR C1=0,7,1,5,4,2,6,3,8 C2=0,3,5,8,2,7,4,1,6
HCx~ffw PAIR C1=0,6,3,5,4,1,7,2,8 C2=0,3,7,6,2,5,1,8,4
HEjfrzw PAIR C1=0,4,6,3,7,2,8,1,5 C2=0,3,1,6,2,5,7,4,8
HEhvvZw PAIR C1=0,7,2,4,6,1,5,3,8 C2=0,3,1,8,4,7,5,2,6
HEhvvZs PAIR C1=0,7,1,5,2,4,6,3,8 C2=0,3,1,6,2,8,5,7,4
HEh~fZw PAIR C1=0,7,1,6,3,5,4,2,8 C2=0,3,1,8,4,7,5,2,6
HEh~fZi PAIR C1=0,7,2,4,5,3,6,1,8 C2=0,3,1,7,5,2,6,8,4
HEh~fXy PAIR C1=0,6,3,8,1,5,4,2,7 C2=0,3,1,7,5,2,6,8,4
HEh~fVw PAIR C1=0,7,2,4,5,3,6,1,8 C2=0,3,1,5,2,8,4,7,6
HEnffXm PAIR C1=0,5,1,6,3,4,8,2,7 C2=0,3,1,7,5,8,6,2,4
HEnfbzk PAIR C1=0,5,2,7,4,3,6,1,8 C2=0,3,1,7,5,8,4,2,6
HQjVrzw PAIR C1=0,6,4,2,7,3,5,1,8 C2=0,2,6,1,3,8,4,7,5
HQjuvpu PAIR C1=0,5,1,6,4,2,8,3,7 C2=0,2,5,8,6,3,1,7,4
HQjurzw PAIR C1=0,5,3,6,4,2,7,1,8 C2=0,2,5,7,4,8,3,1,6
HQjurzq PAIR C1=0,5,2,4,6,3,7,1,8 C2=0,2,8,6,1,3,5,7,4
HQjurzY PAIR C1=0,5,2,4,7,1,8,3,6 C2=0,2,7,5,3,1,6,8,4
HQzTvh{ PAIR C1=0,6,4,1,5,3,8,2,7 C2=0,2,6,3,1,7,5,8,4
HQzTvhy PAIR C1=0,5,1,8,2,4,6,3,7 C2=0,2,7,5,3,1,4,8,6
HQyvex{ PAIR C1=0,5,2,8,3,7,4,1,6 C2=0,2,6,3,1,7,5,8,4
HQyvexm PAIR C1=0,5,2,6,1,8,4,7 C2=0,2,4,1,7,5,8,6
HQyvex] PAIR C1=0,2,6,8,5,7,3,1,4 C2=0,5,2,4,7,1,8,3,6
HQyuvh{ PAIR C1=0,4,6,1,8,2,5,3,7 C2=0,2,7,5,8,4,1,3,6
HQyuvhu PAIR C1=0,6,4,1,8,2,5,3,7 C2=0,4,2,7,1,3,6,8,5
HQyurzU PAIR C1=0,2,7,5,8,6,3,1,4 C2=0,5,2,4,7,3,8,1,6
