I?B~vrw}? PAIR C1=0,5,2,8,3,7,4,6,1,9 C2=0,6,2,7,1,5,3,9,4,8
I?bvvrw^? PAIR C1=0,5,2,9,1,7,4,6 C2=0,4,9,5,1,6,2,7
I?rvfrwN_ PAIR C1=0,6,1,5,3,8,4,9,2,7 C2=0,4,1,7,3,6,9,5,2,8
I?q~frw\_ PAIR C1=0,7,1,6,3,9,2,5,4,8 C2=0,4,1,8,3,7,2,6,9,5
I?q~fjw]_ PAIR C1=0,5,4,9,3,7,1,6 C2=0,4,1,9,6,3,5,7
I?q~ffw^? PAIR C1=0,5,4,8,1,7,3,9,2,6 C2=0,4,1,9,5,3,6,7,2,8
I?zVdzw\_ PAIR C1=0,5,3,7,4,8,2,9,1,6 C2=0,7,2,4,1,5,9,6,3,8
I?zVfe{^? PAIR C1=0,4,8,5,3,7,2,9,1,6 C2=0,7,6,3,9,5,1,4,2,8
ICRvTzw]_ PAIR C1=0,6,4,7,3,5,2,9,1,8 C2=0,3,8,2,6,9,4,1,5,7
ICRvRzwm_ PAIR C1=0,5,1,6,4,7,3,9 C2=0,3,5,7,1,4,9,6
ICrffp{N_ PAIR C1=0,5,2,9,4,7,3,8,1,6 C2=0,3,6,9,5,8,2,7,1,4
ICpvfq{Z_ PAIR C1=0,6,1,9,4,7,3,5,2,8 C2=0,3,8,5,9,6,2,7,1,4
ICpvfZwN_ PAIR C1=0,7,4,9,2,5,3,6,1,8 C2=0,3,8,2,6,9,5,7,1,4
ICpvbzwj_ PAIR C1=0,6,1,7,4,9,2,5,3,8 C2=0,3,6,9,5,7,2,8,1,4
ICpvbzkm_ PAIR C1=0,8,4,7,1,6,2,5,3,9 C2=0,3,6,9,2,7,5,8,1,4
ICpvTzw\_ PAIR C1=0,7,4,6,2,5,3,9,1,8 C2=0,3,8,2,7,5,9,6,1,4
ICpvTvs^? PAIR C1=0,7,4,6,1,9,3,5,2,8 C2=0,3,7,6,2,9,5,8,1,4
ICrvRpylO PAIR C1=0,5,1,8,2,9,3,7,4,6 C2=0,3,8,6,2,5,9,7,1,4
ICZevi{]_ PAIR C1=0,5,2,8,4,9,3,6,1,7 C2=0,3,8,5,7,2,4,1,9,6
ICZevd{n? PAIR C1=0,5,1,7,3,9,2,8,4,6 C2=0,3,6,7,2,4,1,8,5,9
ICZelzw]_ PAIR C1=0,5,1,9,4,8,2,7,3,6 C2=0,3,8,1,4,2,9,6,5,7
ICZbmzwm_ PAIR C1=0,5,1,8,4,9,2,6,3,7 C2=0,3,8,2,4,1,7,5,6,9
ICZVTt{|? PAIR C1=0,5,3,7,4,6,2,8,1,9 C2=0,3,8,5,9,2,4,1,6,7
ICZVRu{|? PAIR C1=0,5,3,8,4,7,2,9,1,6 C2=0,8,5,1,4,2,6,7,3,9
ICZNfq{\_ PAIR C1=0,6,2,7,4,5,1,9,3,8 C2=0,3,6,9,5,8,2,4,1,7
ICZNdzs]_ PAIR C1=0,5,4,7,3,9,2,8,1,6 C2=0,3,6,9,1,4,2,7,5,8
ICZLrzs{_ PAIR C1=0,6,3,9,1,5,4,7,2,8 C2=0,3,8,5,7,1,4,2,6,9
ICZJlvs}? PAIR C1=0,7,3,6,2,8,1,5,4,9 C2=0,3,9,1,4,2,7,6,5,8
ICXnezwl_ PAIR C1=0,6,1,5,4,7,3,9,2,8 C2=0,3,8,1,4,2,6,9,5,7
ICXmvrsl_ PAIR C1=0,7,4,6,1,5,2,8,3,9 C2=0,3,7,2,4,1,8,5,9,6
ICXmvjsm_ PAIR C1=0,8,2,7,1,5,4,6,3,9 C2=0,3,7,5,8,1,4,2,9,6
ICY^frsZ_ PAIR C1=0,5,4,9,2,6,1,7,3,8 C2=0,3,6,9,5,8,1,4,2,7
ICY^fjk]_ PAIR C1=0,7,2,6,1,9,3,5,4,8 C2=0,3,7,5,8,1,4,2,9,6
ICY^Vjs]_ PAIR C1=0,5,3,9,4,6,2,7,1,8 C2=0,3,7,5,8,2,4,1,9,6
ICY^Nrw\_ PAIR C1=0,3,7,4,5,9,1,6,2,8 C2=0,5,6,9,3,8,1,4,2,7
ICY^Njw]_ PAIR C1=0,5,3,7,2,9,4,8,1,6 C2=0,3,9,6,5,7,1,4,2,8
ICZ\vbpZ_ PAIR C1=0,7,1,5,3,6,4,9,2,8 C2=0,3,7,8,1,4,2,6,9,5
ICfvRrwXo PAIR C1=0,4,6,1,7,3,8,2,9,5 C2=0,3,4,8,1,5,2,7,9,6
ICxvFjYN_ PAIR C1=0,3,8,6,9,2,7,5,1,4 C2=0,6,1,8,4,2,5,9,3,7
ICxvExyl_ PAIR C1=0,6,2,5,1,8,4,7,3,9 C2=0,3,5,9,6,8,2,4,1,7
ICxvBzYl_ PAIR C1=0,3,8,6,9,2,7,5,1,4 C2=0,6,1,7,3,9,5,2,4,8
IEhf`~kv? PAIR C1=0,8,4,7,5,1,6,3,9 C2=0,4,9,5,8,1,3,7,6
IEhernkn? PAIR C1=0,8,4,6,1,5,7,3,9 C2=0,3,6,7,1,8,5,9,4
IEhbunkn? PAIR C1=0,8,4,6,1,5,7,3,9 C2=0,4,9,5,8,1,3,6,7
IEjdjrM]O PAIR C1=0,3,9,2,6,5,1,7,4,8 C2=0,4,2,7,9,1,3,6,8,5
IEhvFT]n? PAIR C1=0,6,1,8,4,9,3,5,2,7 C2=0,3,1,7,6,8,5,9,2,4
IEhvEtmn? PAIR C1=0,3,1,5,9,2,8,6,7,4 C2=0,6,1,8,5,2,4,9,3,7
IEhvBvMn? PAIR C1=0,8,1,6,2,5,3,7,4,9 C2=0,3,1,7,6,8,5,9,2,4
IEhuVquZ_ PAIR C1=0,6,1,9,2,8,5,3,7 C2=0,3,1,7,2,5,9,6,8
IEhuTzqZ_ PAIR C1=0,6,4,9,1,5,2,8,3,7 C2=0,3,1,8,6,9,5,7,2,4
IEhuRzqj_ PAIR C1=0,6,4,9,2,7,3,5,1,8 C2=0,3,1,7,5,9,6,8,2,4
IQhVe]{^? PAIR C1=0,6,3,9,1,5,7,4,8 C2=0,4,9,5,8,3,1,6,7
IQjRfqmV_ PAIR C1=0,5,3,6,2,7,1,9,4,8 C2=0,4,2,8,6,9,5,1,3,7
IQjRbzMm_ PAIR C1=0,4,9,2,7,5,3,6,1,8 C2=0,2,4,7,3,1,5,8,6,9
IQjRe\yn? PAIR C1=0,7,5,3,6,2,8,4,9 C2=0,2,4,7,6,8,3,9,5
IQjRd^[]_ PAIR C1=0,5,7,4,9,3,6,1,8 C2=0,4,8,5,3,1,9,6,7
IQjVRiyVO PAIR C1=0,2,4,6,1,7,5,3,8 C2=0,4,8,6,2,7,3,1,5
IQjVJqyVO PAIR C1=0,6,5,3,9,4,7,2,8 C2=0,4,2,6,8,3,7,9,5
IQjUjp{io PAIR C1=0,5,3,6,1,8,4,7,2,9 C2=0,4,2,8,5,1,3,7,9,6
IQjUjqm]O PAIR C1=0,5,6,3,1,9,7,2,4,8 C2=0,2,9,3,5,8,6,1,7,4
