H?zvfrs PAIR C1=0,5,2,4,7,1,8 C2=0,4,1,5,8,2,7
H?zvfrk PAIR C1=0,4,7,1,5,2,8 C2=0,5,8,1,4,2,7
H?zvfr[ PAIR C1=0,5,2,7,4,1,8,3,6 C2=0,4,2,6,1,7,3,5,8
H?zvfre PAIR C1=0,4,7,2,8,1,6 C2=0,7,1,4,2,6,8
H?zvfrM PAIR C1=0,5,2,6,1,7,4,8 C2=0,6,8,5,1,4,2,7
H?znfrq PAIR C1=0,6,1,4,7,2,8 C2=0,4,2,6,8,1,7
H?~vfbw PAIR C1=0,5,1,4,3,6,2,8 C2=0,4,2,5,3,8,1,6
H?~vfbk PAIR C1=0,6,2,5,3,4,8,1,7 C2=0,4,1,6,3,7,2,8,5
HCR^vrw PAIR C1=0,7,3,5,4,1,8 C2=0,3,8,4,7,1,5
HCruvp{ PAIR C1=0,4,6,3,8,1,5 C2=0,3,5,8,4,1,6
HCrrvp{ PAIR C1=0,4,6,3,7,1,8,2,5 C2=0,3,5,8,4,1,6,2,7
HCrrvre PAIR C1=0,7,4,6,1,5,2,8 C2=0,4,1,7,2,6,8,5
HCrrvrU PAIR C1=0,7,4,6,1,5,3,8 C2=0,4,1,7,3,6,8,5
HCrrvqm PAIR C1=0,5,2,8,4,6,3,7 C2=0,3,5,8,6,2,7,4
HCZfnrw PAIR C1=0,5,2,4,7,3,8,1,6 C2=0,3,6,5,1,4,8,2,7
HCZvfrw PAIR C1=0,7,4,2,5,3,6,1,8 C2=0,5,1,4,8,3,7,2,6
HCZvfrs PAIR C1=0,5,1,8,2,7,3,6 C2=0,3,8,5,2,6,1,7
HCZvfr[ PAIR C1=0,7,4,2,5,1,6,3,8 C2=0,3,5,8,4,1,7,2,6
HCZvfre PAIR C1=0,5,3,6,2,8,1,7 C2=0,3,7,2,5,1,6,8
HCZvfrU NOPAIR
HCZvfrM PAIR C1=0,3,7,2,6,8,4,1,5 C2=0,6,3,5,2,4,7,1,8
HCZvfpm PAIR C1=0,5,3,7,1,8,4,2,6 C2=0,3,6,8,2,5,1,4,7
HCZvfji PAIR C1=0,6,2,7,5,1,8 C2=0,5,2,8,6,1,7
HCZnfrw PAIR C1=0,5,4,2,6,3,7,1,8 C2=0,3,8,4,7,2,5,1,6
HCZnfrs PAIR C1=0,6,3,8,1,5,4,2,7 C2=0,3,7,4,1,6,2,8,5
HCZnfrq PAIR C1=0,7,1,4,5,2,6,3,8 C2=0,3,7,4,2,8,6,1,5
HCZnfri PAIR C1=0,5,4,7,1,6,2,8 C2=0,6,8,4,1,5,2,7
HCZnfre PAIR C1=0,5,4,7,2,6,1,8 C2=0,6,8,5,2,4,1,7
HCZnfpu PAIR C1=0,5,1,8,2,4,7,3,6 C2=0,3,8,6,2,5,4,1,7
HCZnfrM PAIR C1=0,5,1,6,2,7,4,8 C2=0,6,8,5,2,4,1,7
HCZnfq] PAIR C1=0,6,3,7,1,4,2,5,8 C2=0,3,8,4,7,2,6,1,5
HCZnfZq PAIR C1=0,7,4,5,1,6,2,8 C2=0,5,7,2,4,1,8,6
HCZ^frw PAIR C1=0,7,3,5,4,1,8 C2=0,3,8,4,7,1,5
HCZ^fr[ PAIR C1=0,5,3,8,4,1,7 C2=0,3,7,4,5,1,8
HCZ^fq{ PAIR C1=0,5,4,1,7,3,8,2,6 C2=0,3,6,1,5,8,4,2,7
HCZ^frq PAIR C1=0,6,2,7,3,5,4,1,8 C2=0,3,6,8,2,4,7,1,5
HCZ^frY PAIR C1=0,6,1,5,4,7,3,8 C2=0,5,3,6,8,4,1,7
HCZ^fre PAIR C1=0,6,1,5,4,7,2,8 C2=0,5,8,6,2,4,1,7
HCZ^frU NOPAIR
HCZ^frM PAIR C1=0,6,8,1,4,5,3,7 C2=0,3,6,1,7,4,8,5
HCZ^fqm PAIR C1=0,5,4,8,2,7,3,6 C2=0,3,5,8,6,2,4,7
HCzfbz[ PAIR C1=0,6,3,7,4,2,5,1,8 C2=0,3,8,5,7,2,6,1,4
HCzfbx{ PAIR C1=0,5,2,4,8,3,7,1,6 C2=0,3,6,2,7,5,8,1,4
HCzfbzq PAIR C1=0,5,1,7,4,2,6,3,8 C2=0,3,7,5,2,8,6,1,4
HCzfbzi PAIR C1=0,6,2,5,1,7,4,8 C2=0,4,1,6,8,2,7,5
HCzbvjw PAIR C1=0,5,1,6,4,2,8,3,7 C2=0,3,6,2,5,7,1,8,4
HCzbvjq PAIR C1=0,5,1,7,2,4,6,3,8 C2=0,3,7,5,2,6,8,1,4
HCzbvji PAIR C1=0,5,2,7,1,6,4,8 C2=0,4,2,6,8,1,5,7
HCzbvhy PAIR C1=0,5,1,4,8,2,6,3,7 C2=0,3,8,6,1,7,5,2,4
HCzbvhu PAIR C1=0,4,6,2,7,3,8,1,5 C2=0,3,6,8,5,2,4,1,7
HCzbvjM PAIR C1=0,4,6,2,5,7,1,8 C2=0,5,8,6,1,4,2,7
HCzbvhm NOPAIR
HCzbvi] PAIR C1=0,5,2,6,4,8,3,7 C2=0,3,6,8,5,7,2,4
HCxvfrs PAIR C1=0,6,1,5,2,4,7,3,8 C2=0,4,1,8,5,3,6,2,7
HCxvfr[ PAIR C1=0,6,2,5,3,7,4,1,8 C2=0,3,6,1,5,8,4,2,7
HCxvfrq PAIR C1=0,6,1,7,4,2,8 C2=0,4,1,8,6,2,7
HCxvfri PAIR C1=0,4,7,1,6,2,8 C2=0,6,8,1,4,2,7
HCxvfrY PAIR C1=0,6,3,8,1,4,7 C2=0,3,7,1,6,8,4
HCxvfpy PAIR C1=0,6,3,8,1,4,7 C2=0,3,7,1,6,8,4
HCxvfrU PAIR C1=0,3,7,2,6,8,5,1,4 C2=0,6,1,8,3,5,2,4,7
HCxvfp] PAIR C1=0,4,8,1,5,3,7,2,6 C2=0,3,6,8,5,2,4,1,7
HCxvfZk PAIR C1=1,5,2,8,4,7 C2=1,4,2,7,5,8
HCxvfZ[ PAIR C1=0,6,3,5,2,4,7,1,8 C2=0,3,8,5,7,2,6,1,4
HCxvfZq PAIR C1=0,3,8,6,2,7,5,1,4 C2=0,6,3,5,2,4,7,1,8
HCxvfZi PAIR C1=0,4,7,1,6,2,8 C2=0,6,8,1,4,2,7
HCxvfZY PAIR C1=0,3,8,6,2,7,5,1,4 C2=0,6,3,5,2,4,8,1,7
HCxvfZe PAIR C1=0,4,7,1,8,2,6 C2=0,7,2,4,1,6,8
HCxvez[ NOPAIR
HCxvey{ PAIR C1=0,4,8,3,7,1,5,2,6 C2=0,3,6,1,4,2,8,5,7
HCxvezi PAIR C1=0,7,4,2,6,3,5,1,8 C2=0,3,7,5,2,8,6,1,4
HCxvezY PAIR C1=0,6,3,8,1,4,7 C2=0,3,7,1,6,8,4
HCxvexy PAIR C1=0,6,2,4,8,3,5,1,7 C2=0,3,7,5,2,8,6,1,4
HCxvezM PAIR C1=0,6,3,5,1,7,4,8 C2=0,3,7,5,8,6,1,4
HCxvey] PAIR C1=0,6,3,5,1,7,4,8 C2=0,3,7,5,8,6,1,4
HCxvVjw PAIR C1=0,6,4,1,5,2,8,3,7 C2=0,3,5,7,2,6,1,8,4
HCxvVjk PAIR C1=0,6,4,8,1,5,2,7 C2=0,4,2,6,1,7,5,8
HCxvVji NOPAIR
HCxvVjY PAIR C1=0,3,8,6,2,7,5,1,4 C2=0,6,1,8,4,2,5,3,7
HCxvVjM PAIR C1=0,4,6,2,7,5,1,8 C2=0,6,8,5,2,4,1,7
HCxvVhm NOPAIR
HCxvVi] PAIR C1=0,6,4,8,3,5,2,7 C2=0,3,7,5,8,6,2,4
HCzvbrw PAIR C1=0,4,2,6,3,8,1,5 C2=0,3,5,2,8,4,1,6
HCzvbrs PAIR C1=0,6,3,5,1,7,4,2,8 C2=0,4,1,6,2,7,3,8,5
HCzvbrk PAIR C1=0,5,3,7,4,2,8,1,6 C2=0,3,6,2,7,1,5,8,4
HCzvbr[ PAIR C1=0,5,2,4,7,3,8,1,6 C2=0,3,6,2,7,1,5,8,4
HCzvbp{ PAIR C1=0,5,2,8,3,7,4,1,6 C2=0,3,6,2,7,1,5,8,4
HCzvbre PAIR C1=0,6,3,7,4,1,5,2,8 C2=0,3,5,8,6,1,7,2,4
HCzvbrU PAIR C1=0,3,7,2,6,8,5,1,4 C2=0,5,2,4,7,1,8,3,6
HCzvbq] PAIR C1=0,3,7,2,6,8,5,1,4 C2=0,5,2,4,7,1,6,3,8
HCzvbrX PAIR C1=0,4,7,2,6,3,8,1,5 C2=0,3,5,2,4,8,7,1,6
HCvbvjs PAIR C1=0,7,2,5,1,6,4,3,8 C2=0,3,6,2,8,5,7,1,4
HCvbvh{ PAIR C1=1,5,2,8,4,6,3,7 C2=1,4,3,8,5,7,2,6
HCvbvjq PAIR C1=0,5,2,6,4,3,8,1,7 C2=0,3,6,8,2,7,5,1,4
HCvbvji PAIR C1=0,4,8,2,7,3,6,1,5 C2=0,3,4,1,7,5,2,6,8
HCvbvjY NOPAIR
HCvbvjU PAIR C1=0,5,7,1,6,4,3,8 C2=0,4,1,5,8,6,3,7
HCvbvjM PAIR C1=0,5,1,7,3,6,4,8 C2=0,3,4,1,6,8,5,7
HCvbvim PAIR C1=0,5,1,7,3,6,4,8 C2=0,3,4,1,6,8,5,7
HCvbvh] PAIR C1=0,5,1,8,6,4,3,7 C2=0,3,6,1,7,5,8,4
HCvbvg} PAIR C1=0,5,1,6,4,8,3,7 C2=0,3,6,8,5,7,1,4
HCvbnrs PAIR C1=0,4,7,1,5,2,6,3,8 C2=0,3,4,1,6,5,8,2,7
HCvbnp{ PAIR C1=1,5,2,8,4,7,3,6 C2=1,4,3,8,5,6,2,7
HCvbnrU PAIR C1=0,5,6,1,4,7,3,8 C2=0,4,3,6,8,5,1,7
HCvbnrM PAIR C1=0,7,1,5,6,3,4,8 C2=0,3,7,4,1,6,8,5
HCvbnqm PAIR C1=0,3,7,2,6,8,5,1,4 C2=0,5,2,8,4,3,6,1,7
HCvbnq] PAIR C1=0,5,6,1,4,7,3,8 C2=0,4,3,6,8,5,1,7
HEhfvp{ PAIR C1=1,7,3,6,4,2,8 C2=1,3,8,4,7,2,6
HEhfvjk PAIR C1=0,7,3,6,4,2,5,1,8 C2=0,3,1,6,2,7,5,8,4
HEjfbzs PAIR C1=0,5,2,8,1,7,3,6 C2=0,3,1,6,2,7,5,8
HEjfbz[ PAIR C1=0,3,1,6,2,7,5,8,4 C2=0,5,2,4,7,1,8,3,6
HEjfbzq PAIR C1=0,6,3,7,1,5,2,8 C2=0,3,1,8,6,2,7,5
HEjfbzi PAIR C1=0,5,1,8,2,4,7,3,6 C2=0,3,1,7,5,2,6,8,4
HEjfbxy PAIR C1=0,5,1,8,2,4,7,3,6 C2=0,3,1,7,5,2,6,8,4
HEjfbze PAIR C1=0,6,3,1,7,5,2,8 C2=0,3,7,2,6,8,1,5
HEjfbzU NOPAIR
HEjfbyu PAIR C1=1,6,3,8,2,5,7 C2=1,3,7,2,6,8,5
HEjfbxu PAIR C1=1,6,3,8,2,5,7 C2=1,3,7,2,6,8,5
HEjfbzM PAIR C1=0,3,6,2,7,1,5,8,4 C2=0,5,2,4,7,3,1,8,6
HEjfby] PAIR C1=0,5,2,7,4,8,3,6 C2=0,3,7,5,8,6,2,4
HEjeuxm PAIR C1=0,5,1,8,4,6,3,7 C2=0,3,1,6,8,5,7,4
HEjerzw PAIR C1=0,5,1,6,4,2,7,3,8 C2=0,4,8,2,5,7,1,3,6
HEjerzk PAIR C1=0,3,7,2,8,5,1,6,4 C2=0,6,3,1,7,5,2,4,8
HEjerz[ PAIR C1=0,5,1,8,3,7,4,6 C2=0,3,6,1,7,5,8,4
HEjerzi PAIR C1=0,3,1,5,7,2,8,6,4 C2=0,5,2,4,8,1,7,3,6
HEjerzY NOPAIR
HEjeryy PAIR C1=0,3,1,5,7,2,8,6,4 C2=0,5,2,4,8,3,7,1,6
HEjerxy PAIR C1=0,3,1,5,7,2,8,6,4 C2=0,5,2,4,8,3,7,1,6
HEjerze PAIR C1=0,3,1,5,7,2,8,6,4 C2=0,5,2,4,7,3,6,1,8
HEjerzU NOPAIR
HEjerzM PAIR C1=0,5,1,7,3,6,4,8 C2=0,3,1,6,8,5,7,4
HEjery] PAIR C1=0,5,1,7,3,8,4,6 C2=0,3,1,6,8,5,7,4
HEjerw} PAIR C1=0,3,1,5,7,2,8,6,4 C2=0,5,2,4,8,3,7,1,6
HEjeq~k PAIR C1=0,5,1,6,3,7,4,8 C2=0,3,1,8,5,7,6,4
HEjbvrw PAIR C1=1,7,3,6,4,2,8 C2=1,3,8,4,7,2,6
HEjbvp{ PAIR C1=0,4,6,3,8,2,5,1,7 C2=0,3,1,6,2,7,4,8,5
HEjbvpy PAIR C1=1,7,3,6,4,2,8 C2=1,3,8,4,7,2,6
HEjbvre PAIR C1=0,3,1,5,8,6,2,7,4 C2=0,5,2,4,6,3,7,1,8
HEjbvqu PAIR C1=0,3,1,5,8,6,2,7,4 C2=0,5,2,4,6,1,7,3,8
HEjbvjs PAIR C1=0,5,1,8,3,7 C2=0,3,1,7,5,8
HEjbvj[ PAIR C1=0,5,2,4,6,3,8,1,7 C2=0,3,1,6,2,7,5,8,4
HEjbvi{ PAIR C1=0,7,1,5,2,4,6,3,8 C2=0,3,1,6,2,7,5,8,4
HEjbvji PAIR C1=0,4,6,3,7,1,5,2,8 C2=0,3,1,6,8,4,2,7,5
HEjbvhy PAIR C1=0,4,6,2,5,1,8,3,7 C2=0,3,1,6,8,4,2,7,5
HEjbviu PAIR C1=1,6,3,8,2,5,7 C2=1,3,7,2,6,8,5
HEjbvhu PAIR C1=1,6,3,8,2,5,7 C2=1,3,7,2,6,8,5
HEjbvhm PAIR C1=0,3,1,5,7,2,8,6,4 C2=0,5,2,4,8,1,6,3,7
HEjdnp{ PAIR C1=0,6,3,8,1,5,2,4,7 C2=0,3,1,7,2,6,5,8,4
HEirvZk PAIR C1=0,4,6,3,5,2,7,1,8 C2=0,3,1,6,2,4,8,5,7
HEirvY{ PAIR C1=0,5,2,8,4,7 C2=0,4,2,7,5,8
HEirvZq PAIR C1=0,5,3,6,4,2,7,1,8 C2=0,3,1,6,8,2,5,7,4
HEirvYy PAIR C1=0,3,8,6,4,7,2,5 C2=0,7,5,3,6,2,4,8
HEhvVrw PAIR C1=0,3,8,1,7,2,4,6 C2=0,4,8,2,6,1,3,7
HEhvVrk PAIR C1=0,4,6,1,8,2,5,3,7 C2=0,3,1,5,8,4,7,2,6
HEhvVrq PAIR C1=0,3,8,1,7,4,2,6 C2=0,4,6,1,3,7,2,8
HEhvVrY PAIR C1=0,4,6,1,8,3,7 C2=0,3,1,7,4,8,6
HEhvVpy PAIR C1=0,4,6,1,8,3,7 C2=0,3,1,7,4,8,6
HEhvVre PAIR C1=0,3,1,5,8,6,2,7,4 C2=0,6,4,2,5,3,7,1,8
HEhvVqu PAIR C1=0,3,1,5,8,6,2,7,4 C2=0,7,1,6,4,2,5,3,8
HEhvVpu PAIR C1=0,3,1,5,8,6,2,7,4 C2=0,6,4,2,5,3,8,1,7
HEhvVp] PAIR C1=0,6,2,4,8,3,5,1,7 C2=0,3,1,6,8,5,2,7,4
HEhvVjw PAIR C1=0,6,4,2,5,1,7,3,8 C2=0,3,5,7,2,6,1,8,4
HEhvVjs NOPAIR
HEhvVjq PAIR C1=0,6,1,5,3,7,2,8 C2=0,3,1,8,6,2,5,7
HEhvVji PAIR C1=0,4,6,1,8,2,5,3,7 C2=0,3,1,5,7,2,4,8,6
HEhvViy PAIR C1=0,4,6,1,7,3,5,2,8 C2=0,3,1,5,7,2,4,8,6
HEhvVhy PAIR C1=0,4,6,2,5,3,8,1,7 C2=0,3,1,5,7,2,4,8,6
HEhvViu PAIR C1=0,6,1,7,3,5,2,8 C2=0,3,1,5,8,6,2,7
HEhvVi] PAIR C1=0,3,1,5,7,2,6,8,4 C2=0,7,1,6,4,2,5,3,8
HEhvUzk PAIR C1=0,4,6,1,8,2,5,3,7 C2=0,3,1,7,5,8,4,2,6
HEhvUzY PAIR C1=0,3,8,1,7,4,6 C2=0,4,8,6,1,3,7
HEhvUxy PAIR C1=0,6,4,2,8,1,5,3,7 C2=0,3,1,7,5,2,6,8,4
HEhvUze PAIR C1=0,3,5,1,7,4,6,2,8 C2=0,4,2,5,8,6,1,3,7
HEhvUyu PAIR C1=0,3,7,4,6,1,5,2,8 C2=0,4,2,6,8,5,3,1,7
HEhvUzM PAIR C1=0,6,4,8,1,5,3,7 C2=0,3,1,6,8,5,7,4
HEhvUw} PAIR C1=0,6,4,8,3,5,1,7 C2=0,3,1,6,8,5,7,4
HEhvTzs PAIR C1=0,6,4,2,5,1,8,3,7 C2=0,3,1,6,2,8,5,7,4
HEhvTy{ NOPAIR
HEhvTzq PAIR C1=0,6,4,2,7,3,5,1,8 C2=0,3,1,6,8,2,5,7,4
HEhvTyu PAIR C1=0,6,4,7,2,5,3,8 C2=0,3,7,5,8,6,2,4
HEhvTx] PAIR C1=0,6,4,8,1,5,3,7 C2=0,3,1,6,8,5,7,4
HEhuvZw PAIR C1=0,7,2,4,6,1,5,3,8 C2=0,4,8,2,5,7,1,3,6
HEhuvZs PAIR C1=0,4,7,2,5,1,8,3,6 C2=0,3,1,6,4,2,8,5,7
HEhuvZk PAIR C1=0,6,4,8,2,5,3,1,7 C2=0,3,6,1,8,5,7,2,4
HEhuvZ[ PAIR C1=0,7,4,6,1,5,3,8 C2=0,4,8,5,7,1,3,6
HEhuvZY NOPAIR
HEhuvXy PAIR C1=0,4,6,3,5,1,8,2,7 C2=0,3,1,7,5,2,4,8,6
HEhuvY] PAIR C1=0,6,4,8,3,5,1,7 C2=0,3,1,6,8,5,7,4
HEhuvW} PAIR C1=0,6,4,8,3,5,1,7 C2=0,3,1,6,8,5,7,4
HEhutxm PAIR C1=0,3,1,5,7,2,8,6,4 C2=0,6,1,8,4,2,5,3,7
HEhurym PAIR C1=0,3,1,5,7,2,8,6,4 C2=0,6,1,7,3,5,2,4,8
HEhtvZw PAIR C1=0,4,6,3,5,2,7,1,8 C2=0,3,1,5,7,4,8,2,6
HEhtvZk PAIR C1=0,4,6,3,5,1,8,2,7 C2=0,3,1,7,5,8,4,2,6
HEhtvY{ PAIR C1=0,6,4,7,2,5,3,8 C2=0,3,6,2,4,8,5,7
HEhtvZq PAIR C1=0,4,6,2,5,3,8,1,7 C2=0,3,1,5,7,4,2,8,6
HEhtvXy PAIR C1=0,6,3,5,1,8,2,4,7 C2=0,3,1,7,5,2,6,8,4
HEhtvZe PAIR C1=0,4,6,3,5,1,8,2,7 C2=0,3,1,7,4,2,5,8,6
HEhtvYu PAIR C1=0,7,4,6,2,5,3,8 C2=0,3,6,8,5,7,2,4
HEhtvX] PAIR C1=0,6,2,5,3,8,4,7 C2=0,3,6,8,5,7,2,4
HEhtvW} PAIR C1=0,6,2,5,3,8,4,7 C2=0,3,6,8,5,7,2,4
HEhtt^s PAIR C1=0,7,4,6,2,5,3,8 C2=0,3,6,7,5,8,2,4
HEhrvZw PAIR C1=0,4,6,3,5,1,8,2,7 C2=0,3,1,6,2,5,7,4,8
HEhrvZq PAIR C1=0,7,2,4,6,3,5,1,8 C2=0,3,1,6,8,2,5,7,4
HEhrvXy PAIR C1=1,5,3,8,2,7,4,6 C2=1,3,6,8,4,2,5,7
HEhrvYu PAIR C1=0,3,1,5,8,6,2,7,4 C2=0,7,1,6,4,2,5,3,8
HEhrvXu NOPAIR
HEhrvY] PAIR C1=0,7,1,5,3,6,4,8 C2=0,3,1,6,8,5,7,4
HEhrvX] PAIR C1=1,6,2,5,7,4,8 C2=1,5,8,6,4,2,7
HEhtnrk PAIR C1=0,6,3,7,4,2,5,1,8 C2=0,3,1,7,2,6,5,8,4
HEnfbZw PAIR C1=0,5,1,6,2,7,4,3,8 C2=0,4,8,2,5,7,1,3,6
HEnfbZs PAIR C1=0,4,7,1,5,2,6,3,8 C2=0,3,4,2,7,5,8,1,6
HEnfbZk PAIR C1=0,5,1,6,3,4,7,2,8 C2=0,3,1,7,5,8,4,2,6
HEnfbZ[ PAIR C1=0,3,1,6,2,7,5,8,4 C2=0,5,2,4,7,1,8,3,6
HEnfbY{ PAIR C1=0,4,7,2,8,3,6,1,5 C2=0,3,1,7,5,8,4,2,6
HEnfbX{ PAIR C1=0,4,7,2,8,3,6,1,5 C2=0,3,1,7,5,8,4,2,6
HEnfbZq PAIR C1=0,4,7,2,8,3,6,1,5 C2=0,3,4,2,5,7,1,8,6
HEnfbZY PAIR C1=0,3,1,5,7,2,6,8,4 C2=0,5,2,4,7,1,8,3,6
HEnfbYy PAIR C1=0,5,1,6,3,4,7,2,8 C2=0,3,1,7,5,2,6,8,4
HEnfbZe PAIR C1=0,5,1,8,2,7,4,3,6 C2=0,3,1,7,5,8,6,2,4
HEnfbYu PAIR C1=0,6,1,5,2,7,4,3,8 C2=0,3,1,7,5,8,6,2,4
HEnfbZp PAIR C1=0,5,1,7,4,3,6,2,8 C2=0,4,2,5,7,8,3,1,6
HEnfbZX PAIR C1=0,4,7,2,5,1,8,3,6 C2=0,3,1,6,2,4,8,7,5
HEnfbYx PAIR C1=0,3,1,6,2,5,7,8,4 C2=0,5,1,7,4,2,8,3,6
HEnfbZT PAIR C1=0,6,1,5,2,7,4,3,8 C2=0,4,2,6,3,1,7,8,5
HEnfbYt PAIR C1=0,6,1,5,2,7,4,3,8 C2=0,4,2,6,3,1,7,8,5
HEnfbXt PAIR C1=0,3,4,7,5,2,8,1,6 C2=0,4,2,6,3,1,7,8,5
HEnbvJw PAIR C1=0,5,1,8,3,4,2,7 C2=0,3,1,7,5,2,8,4
HEnbvJs PAIR C1=0,7,1,5,2,6,4,3,8 C2=0,3,6,1,8,5,7,2,4
HEnbvJ[ PAIR C1=0,5,2,4,6,3,8,1,7 C2=0,3,1,6,2,7,5,8,4
HEnbvH{ PAIR C1=0,5,2,4,6,3,8,1,7 C2=0,3,1,6,2,7,5,8,4
HEnbvJY PAIR C1=0,3,1,5,7,2,6,8,4 C2=0,5,2,4,6,3,8,1,7
HEnbvI] PAIR C1=0,7,1,5,2,6,3,4,8 C2=0,3,1,6,8,5,7,2,4
HEnbvJd PAIR C1=0,4,6,3,1,7,5,2,8 C2=0,3,4,2,6,1,5,8,7
HEnbvJT PAIR C1=0,3,1,5,8,7,2,6,4 C2=0,7,5,2,4,3,6,1,8
HEnbvIt PAIR C1=0,4,3,6,2,8,7,1,5 C2=0,7,5,2,4,6,1,3,8
HEnbvI\ PAIR C1=0,3,1,5,8,7,2,6,4 C2=0,5,2,4,8,3,6,1,7
HEnbvH\ PAIR C1=0,3,1,5,8,7,2,6,4 C2=0,5,2,4,8,3,6,1,7
HEnbvG^ PAIR C1=0,5,8,4,3,6,1,7 C2=0,3,1,5,7,8,6,4
HQjVbzw PAIR C1=0,4,7,2,8,3,5,1,6 C2=0,5,7,1,3,6,2,4,8
HQjVbzq PAIR C1=0,5,3,7,1,6,2,8 C2=0,2,7,5,1,3,8,6
HQjVbzY PAIR C1=0,4,7,2,6,1,5,3,8 C2=0,2,4,8,6,3,1,7,5
HQjVbze PAIR C1=0,6,2,7,3,5,1,8 C2=0,2,8,6,3,1,7,5
HQjVbzM PAIR C1=0,2,6,1,5,3,7,4,8 C2=0,4,2,7,1,3,6,8,5
HQjVbym PAIR C1=0,4,8,2,7,1,5,3,6 C2=0,2,4,7,3,1,6,8,5
HQjVbxm PAIR C1=0,2,8,4,7,1,5,3,6 C2=0,4,2,7,3,1,6,8,5
HQjVRzw PAIR C1=0,6,4,2,7,3,5,1,8 C2=0,2,6,1,3,8,4,7,5
HQjVRzk PAIR C1=0,5,1,8,2,7,4,6 C2=0,2,6,1,7,5,8,4
HQjVRx{ PAIR C1=0,5,1,8,2,7,4,6 C2=0,2,6,1,7,5,8,4
HQjVRzq PAIR C1=0,5,1,8,3,7,2,4,6 C2=0,2,8,6,1,3,5,7,4
HQjVRzi PAIR C1=0,6,4,2,8 C2=0,2,6,8,4
HQjVRze PAIR C1=0,2,8,1,5,7,4,6 C2=0,4,2,7,1,6,8,5
HQjVRzU PAIR C1=0,2,6,4,7,1,5,3,8 C2=0,4,2,7,3,1,6,8,5
HQjRvrw PAIR C1=1,7,3,6,4,2,8 C2=1,3,8,4,7,2,6
HQjRvp{ PAIR C1=0,4,6,3,5,1,8,2,7 C2=0,2,6,1,3,7,4,8,5
HQjRvrq PAIR C1=0,2,6,4,7,3,1,8 C2=0,4,2,8,3,6,1,7
HQjRvpy PAIR C1=1,7,3,6,4,2,8 C2=1,3,8,4,7,2,6
HQjRvre PAIR C1=0,4,6,3,5,1,7,2,8 C2=0,2,4,7,3,1,6,8,5
HQjRvpu PAIR C1=0,4,6,2,8,3,5,1,7 C2=0,2,4,7,3,1,6,8,5
HQjRvjw PAIR C1=0,4,6,3,7,2,8,1,5 C2=0,7,5,3,1,6,2,4,8
HQjRvjk PAIR C1=0,7,1,5,3,6,4,2,8 C2=0,2,6,1,3,7,5,8,4
HQjRvjq PAIR C1=0,5,3,6,1,7,2,8 C2=0,2,6,8,3,1,5,7
HQjRvji PAIR C1=0,5,1,8,2,4,6,3,7 C2=0,2,7,5,3,1,6,8,4
HQjRvjY PAIR C1=0,4,6,2,7,3,8,1,5 C2=0,2,4,8,6,1,3,5,7
HQjRvhy PAIR C1=0,5,1,8,2,4,6,3,7 C2=0,2,7,5,3,1,6,8,4
HQjRvje PAIR C1=0,7,1,5,3,6,2,8 C2=0,2,7,3,1,6,8,5
HQjRvjU NOPAIR
HQjRvjM PAIR C1=0,2,7,1,8,4,6,3,5 C2=0,4,2,6,8,5,1,3,7
HQjRvhm PAIR C1=0,2,7,1,8,4,6,3,5 C2=0,4,2,6,8,5,1,3,7
HQjVNp{ PAIR C1=0,4,7,1,5,3,8,2,6 C2=0,2,4,8,5,6,1,3,7
HQzTrjw PAIR C1=0,4,2,7,1,5,3,8 C2=0,2,8,4,1,3,7,5
HQzTrjk PAIR C1=0,6,4,1,5,3,7,2,8 C2=0,2,6,3,1,7,5,8,4
HQzTrji PAIR C1=0,5,1,7,3,6,4,2,8 C2=0,2,7,5,3,1,4,8,6
HQyurjw PAIR C1=0,5,2,4,6,3,7,1,8 C2=0,4,8,2,7,5,3,1,6
HQyurjk PAIR C1=0,4,6,1,7,3,5,2,8 C2=0,2,7,5,8,4,1,3,6
HQyurj[ PAIR C1=0,4,6,3,8,1,7,2,5 C2=0,2,4,8,5,7,3,1,6
HQyurji PAIR C1=0,5,3,7,2,8,1,4,6 C2=0,2,5,7,1,3,6,8,4
HQyurjU PAIR C1=0,4,6,3,5,2,7,1,8 C2=0,2,4,1,3,7,5,8,6
